5.000000000000000000e-01 5.672500000000000320e-01
5.024999999999999467e-01 5.686400000000000343e-01
5.050124999999999753e-01 5.745700000000000252e-01
5.075375625000000390e-01 5.801899999999999835e-01
5.100752503000000049e-01 5.875599999999999712e-01
5.126256265999999950e-01 5.961699999999999777e-01
5.151887547000000289e-01 6.060900000000000176e-01
5.177646984999999535e-01 6.126800000000000024e-01
5.203535219999999573e-01 6.188500000000000112e-01
5.229552896000000395e-01 6.242299999999999516e-01
5.255700660000000024e-01 6.302400000000000224e-01
5.281979164000000226e-01 6.359399999999999498e-01
5.308389059000000465e-01 6.414900000000000047e-01
5.334931004999999837e-01 6.469599999999999795e-01
5.361605659999999496e-01 6.514900000000000135e-01
5.388413687999999979e-01 6.533200000000000118e-01
5.415355755999999854e-01 6.509899999999999576e-01
5.442432535000000238e-01 6.588800000000000212e-01
5.469644698000000194e-01 6.677300000000000457e-01
5.496992921000000143e-01 6.764000000000000012e-01
5.524477885999999893e-01 6.835299999999999709e-01
5.552100275000000362e-01 6.899199999999999777e-01
5.579860776999999716e-01 6.954799999999999871e-01
5.607760080999999452e-01 7.004299999999999971e-01
5.635798881000000371e-01 7.050800000000000400e-01
5.663977875000000273e-01 7.074300000000000033e-01
5.692297764999999510e-01 6.991600000000000037e-01
5.720759253999999627e-01 7.123500000000000387e-01
5.749363050000000364e-01 7.133800000000000141e-01
5.778109864999999568e-01 7.188099999999999490e-01
5.807000413999999777e-01 7.265899999999999581e-01
5.836035416999999503e-01 7.316399999999999570e-01
5.865215593999999477e-01 7.219600000000000461e-01
5.894541671999999899e-01 6.751000000000000334e-01
5.924014380000000024e-01 7.050600000000000200e-01
5.953634451999999522e-01 6.996400000000000396e-01
5.983402624000000447e-01 7.080699999999999772e-01
6.013319636999999718e-01 7.264300000000000201e-01
6.043386235000000051e-01 7.497200000000000530e-01
6.073603167000000136e-01 7.639099999999999779e-01
6.103971181999999773e-01 7.721500000000000030e-01
6.134491037999999508e-01 7.661999999999999922e-01
6.165163493999999966e-01 7.562900000000000178e-01
6.195989310999999722e-01 7.431900000000000173e-01
6.226969258000000229e-01 7.665600000000000191e-01
6.258104103999999612e-01 7.801099999999999701e-01
6.289394623999999823e-01 7.896100000000000341e-01
6.320841596999999812e-01 7.941700000000000426e-01
6.352445804999999890e-01 7.987600000000000255e-01
6.384208034999999670e-01 7.985700000000000021e-01
6.416129074999999959e-01 8.004499999999999948e-01
6.448209719999999923e-01 7.795100000000000362e-01
6.480450769000000166e-01 7.616800000000000237e-01
6.512853022000000269e-01 7.794900000000000162e-01
6.545417287999999445e-01 7.832599999999999563e-01
6.578144374000000072e-01 7.825900000000000079e-01
6.611035095999999722e-01 7.955999999999999739e-01
6.644090271000000492e-01 8.015400000000000302e-01
6.677310722999999504e-01 8.189699999999999758e-01
6.710697276000000544e-01 8.323599999999999888e-01
6.744250763000000370e-01 8.413800000000000168e-01
6.777972017000000182e-01 8.447700000000000209e-01
6.811861876999999454e-01 8.437000000000000055e-01
6.845921186000000214e-01 8.434899999999999620e-01
6.880150792000000459e-01 8.465599999999999792e-01
6.914551545999999549e-01 7.714100000000000401e-01
6.949124303999999475e-01 7.661400000000000432e-01
6.983869925000000256e-01 7.937100000000000266e-01
7.018789275000000272e-01 7.536199999999999566e-01
7.053883221000000203e-01 7.630799999999999805e-01
7.089152637000000201e-01 7.682900000000000285e-01
7.124598399999999554e-01 7.618500000000000272e-01
7.160221392000000185e-01 5.632200000000000539e-01
7.196022498999999906e-01 5.266999999999999460e-01
7.232002612000000275e-01 5.265699999999999825e-01
7.268162624999999766e-01 4.539000000000000257e-01
7.304503437999999571e-01 4.803299999999999792e-01
7.341025955000000103e-01 6.133699999999999708e-01
7.377731084999999966e-01 6.552999999999999936e-01
7.414619740000000236e-01 7.366099999999999870e-01
7.451692839000000346e-01 7.755699999999999816e-01
7.488951302999999893e-01 8.241899999999999782e-01
7.526396060000000166e-01 8.598099999999999632e-01
7.564028040000000397e-01 8.827300000000000146e-01
7.601848180000000399e-01 8.884999999999999565e-01
7.639857421000000315e-01 8.878899999999999570e-01
7.678056707999999508e-01 8.900299999999999878e-01
7.716446992000000060e-01 8.892900000000000249e-01
7.755029226999999858e-01 8.836000000000000520e-01
7.793804372999999508e-01 8.563600000000000101e-01
7.832773395000000027e-01 8.157699999999999951e-01
7.871937262000000546e-01 7.984400000000000386e-01
7.911296947999999496e-01 8.135900000000000354e-01
7.950853433000000248e-01 7.875299999999999523e-01
7.990607699999999758e-01 7.485899999999999777e-01
8.030560739000000003e-01 7.711000000000000076e-01
8.070713541999999796e-01 7.382400000000000073e-01
8.111067109999999802e-01 6.073899999999999855e-01
8.151622445999999744e-01 5.871399999999999952e-01
8.192380557999999757e-01 6.763200000000000323e-01
8.233342460999999446e-01 6.134600000000000053e-01
8.274509172999999773e-01 6.786799999999999500e-01
8.315881719000000061e-01 6.939300000000000468e-01
8.357461126999999879e-01 6.798300000000000454e-01
8.399248432999999459e-01 6.760399999999999743e-01
8.441244675000000308e-01 7.564600000000000213e-01
8.483450899000000156e-01 8.158900000000000041e-01
8.525868153000000227e-01 8.464199999999999502e-01
8.568497494000000270e-01 7.931799999999999962e-01
8.611339981000000199e-01 6.768600000000000172e-01
8.654396680999999480e-01 6.433499999999999774e-01
8.697668665000000132e-01 7.645100000000000229e-01
8.741157008000000062e-01 8.082899999999999530e-01
8.784862793000000059e-01 7.156700000000000284e-01
8.828787107000000134e-01 1.979700000000000071e-01
8.872931041999999602e-01 5.933999999999999692e-02
8.917295697999999549e-01 6.226000000000000284e-02
8.961882176000000033e-01 7.456999999999999740e-02
9.006691586999999721e-01 2.511300000000000199e-01
9.051725044999999747e-01 5.368600000000000039e-01
9.096983669999999522e-01 5.582500000000000240e-01
9.142468589000000145e-01 4.609300000000000064e-01
9.188180930999999552e-01 4.853100000000000191e-01
9.234121835999999917e-01 5.021499999999999853e-01
9.280292445000000168e-01 2.013000000000000067e-01
9.326693907999999977e-01 1.057199999999999945e-01
9.373327377000000293e-01 1.285100000000000131e-01
9.420194013999999560e-01 1.879500000000000060e-01
9.467294983999999802e-01 1.864000000000000101e-01
9.514631459000000291e-01 1.420500000000000096e-01
9.562204615999999602e-01 1.692099999999999993e-01
9.610015639000000220e-01 1.372500000000000109e-01
9.658065717999999578e-01 1.964500000000000135e-01
9.706356045999999793e-01 1.862300000000000066e-01
9.754887826000000484e-01 2.008500000000000008e-01
9.803662265000000486e-01 1.691699999999999871e-01
9.852680577000000328e-01 2.062499999999999889e-01
9.901943979999999756e-01 1.332399999999999973e-01
9.951453700000000291e-01 1.847199999999999953e-01
1.000121097000000070e+00 1.538899999999999990e-01
1.005121702000000061e+00 2.056699999999999917e-01
1.010147311000000103e+00 2.640399999999999969e-01
1.015198046999999937e+00 2.914900000000000269e-01
1.020274037999999939e+00 4.143800000000000261e-01
1.025375407999999933e+00 5.250299999999999967e-01
1.030502285000000073e+00 6.658399999999999874e-01
1.035654795999999989e+00 7.674299999999999455e-01
1.040833069999999916e+00 8.282300000000000217e-01
1.046037236000000092e+00 8.587799999999999878e-01
1.051267422000000007e+00 8.893799999999999484e-01
1.056523759000000062e+00 8.884400000000000075e-01
1.061806377999999995e+00 8.608400000000000496e-01
1.067115409999999986e+00 8.401100000000000234e-01
1.072450987000000078e+00 8.261100000000000110e-01
1.077813241999999949e+00 7.913400000000000434e-01
1.083202307999999947e+00 7.689899999999999514e-01
1.088618319000000056e+00 6.775799999999999601e-01
1.094061410999999984e+00 4.679699999999999971e-01
1.099531717999999936e+00 3.601699999999999902e-01
1.105029376999999924e+00 2.388899999999999912e-01
1.110554523000000016e+00 1.505400000000000071e-01
1.116107296000000026e+00 8.859999999999999820e-02
1.121687832000000107e+00 4.934999999999999803e-02
1.127296271999999933e+00 5.659000000000000141e-02
1.132932752999999959e+00 3.694000000000000061e-02
1.138597416999999945e+00 7.543999999999999317e-02
1.144290403999999928e+00 5.260999999999999704e-02
1.150011856000000110e+00 2.543000000000000121e-02
1.155761915000000029e+00 1.469999999999999953e-02
1.161540725000000052e+00 1.549000000000000030e-02
1.167348427999999938e+00 1.781999999999999904e-02
1.173185171000000082e+00 4.256999999999999673e-02
1.179051096000000021e+00 7.446999999999999453e-02
1.184946352000000092e+00 1.314299999999999913e-01
1.190871084000000080e+00 2.080599999999999949e-01
1.196825438999999935e+00 3.584999999999999853e-01
1.202809565999999997e+00 4.505199999999999760e-01
1.208823613999999935e+00 5.281200000000000339e-01
1.214867732000000089e+00 5.543900000000000494e-01
1.220942071000000073e+00 6.021699999999999831e-01
1.227046781000000086e+00 6.231600000000000472e-01
1.233182014999999909e+00 6.552000000000000046e-01
1.239347924999999906e+00 7.095700000000000340e-01
1.245544664999999940e+00 7.628899999999999570e-01
1.251772388000000014e+00 7.856199999999999850e-01
1.258031249999999934e+00 8.193599999999999772e-01
1.264321406000000092e+00 8.084599999999999564e-01
1.270643012999999932e+00 7.729800000000000004e-01
1.276996228000000011e+00 7.106700000000000239e-01
1.283381209000000078e+00 6.702700000000000324e-01
1.289798116000000050e+00 5.372799999999999798e-01
1.296247106000000038e+00 5.032299999999999551e-01
1.302728341999999984e+00 3.641800000000000037e-01
1.309241982999999943e+00 3.009800000000000253e-01
1.315788192999999939e+00 2.805699999999999861e-01
1.322367134000000055e+00 2.352899999999999991e-01
1.328978970000000093e+00 8.013000000000000678e-02
1.335623865000000077e+00 1.371999999999999956e-02
1.342301983999999893e+00 1.500000000000000031e-03
1.349013494000000035e+00 6.999999999999999387e-05
1.355758561000000029e+00 0.000000000000000000e+00
1.362537354000000089e+00 0.000000000000000000e+00
1.369350040999999907e+00 1.000000000000000082e-05
1.376196790999999919e+00 2.000000000000000164e-05
1.383077775000000065e+00 0.000000000000000000e+00
1.389993164000000059e+00 0.000000000000000000e+00
1.396943129999999922e+00 1.000000000000000082e-05
1.403927845999999979e+00 3.000000000000000076e-05
1.410947484999999890e+00 4.000000000000000327e-05
1.418002221999999923e+00 1.000000000000000082e-05
1.425092232999999986e+00 1.000000000000000082e-05
1.432217693999999986e+00 1.350000000000000071e-03
1.439378782999999995e+00 6.099999999999999737e-04
1.446575677000000004e+00 2.279999999999999909e-03
1.453808554999999947e+00 8.009999999999999759e-03
1.461077597999999922e+00 8.720000000000000320e-03
1.468382985999999946e+00 9.339999999999999344e-03
1.475724900999999978e+00 2.251999999999999835e-02
1.483103524999999978e+00 1.725000000000000144e-02
1.490519042999999932e+00 3.357000000000000262e-02
1.497971638000000105e+00 6.271999999999999797e-02
1.505461495999999899e+00 8.169999999999999485e-02
1.512988803999999909e+00 1.849500000000000033e-01
1.520553747999999983e+00 2.035399999999999987e-01
1.528156516999999992e+00 2.557099999999999929e-01
1.535797298999999949e+00 3.777599999999999847e-01
1.543476285999999975e+00 4.747100000000000208e-01
1.551193666999999943e+00 5.014999999999999458e-01
1.558949635999999916e+00 5.687600000000000433e-01
1.566744383999999934e+00 6.469899999999999540e-01
1.574578105999999922e+00 6.524400000000000199e-01
1.582450995999999943e+00 6.970699999999999674e-01
1.590363251000000089e+00 6.766900000000000137e-01
1.598315066999999923e+00 6.013500000000000512e-01
1.606306642999999923e+00 5.639100000000000223e-01
1.614338175999999958e+00 2.864099999999999979e-01
1.622409867000000006e+00 1.186699999999999977e-01
1.630521915999999960e+00 8.914999999999999314e-02
1.638674525999999965e+00 1.163899999999999935e-01
1.646867897999999997e+00 6.882000000000000617e-02
1.655102238000000003e+00 1.060799999999999937e-01
1.663377748999999906e+00 8.733000000000000485e-02
1.671694637999999955e+00 1.153999999999999991e-02
1.680053111000000099e+00 4.145000000000000073e-02
1.688453377000000089e+00 3.815999999999999948e-02
1.696895642999999954e+00 6.100000000000000387e-03
1.705380121999999998e+00 3.720000000000000216e-03
1.713907021999999891e+00 2.527000000000000079e-02
1.722476557000000019e+00 3.570999999999999869e-02
1.731088940000000020e+00 4.139999999999999583e-03
1.739744385000000060e+00 9.530000000000000276e-03
1.748443106999999941e+00 9.299999999999999239e-03
1.757185321999999994e+00 3.950000000000000386e-03
1.765971248999999910e+00 5.109999999999999959e-03
1.774801105000000101e+00 1.129999999999999928e-03
1.783675110999999980e+00 1.740000000000000010e-03
1.792593485999999903e+00 3.299999999999999982e-04
1.801556453999999974e+00 4.800000000000000122e-04
1.810564236000000049e+00 1.000000000000000082e-05
1.819617057000000093e+00 6.000000000000000152e-05
1.828715142000000071e+00 1.000000000000000082e-05
1.837858717999999891e+00 0.000000000000000000e+00
1.847048011999999906e+00 1.000000000000000082e-05
1.856283252000000106e+00 0.000000000000000000e+00
1.865564667999999982e+00 0.000000000000000000e+00
1.874892490999999994e+00 1.000000000000000082e-05
1.884266954000000105e+00 1.000000000000000082e-05
1.893688288999999969e+00 4.000000000000000327e-05
1.903156730000000074e+00 0.000000000000000000e+00
1.912672514000000046e+00 0.000000000000000000e+00
1.922235876000000010e+00 0.000000000000000000e+00
1.931847056000000062e+00 0.000000000000000000e+00
1.941506291000000051e+00 0.000000000000000000e+00
1.951213821999999931e+00 0.000000000000000000e+00
1.960969892000000048e+00 0.000000000000000000e+00
1.970774741000000052e+00 1.000000000000000082e-05
1.980628615000000092e+00 2.000000000000000164e-05
1.990531757999999929e+00 6.000000000000000152e-05
2.000484417000000015e+00 2.400000000000000061e-04
2.010486838999999915e+00 2.900000000000000017e-04
2.020539272999999802e+00 5.500000000000000331e-04
2.030641968999999936e+00 5.800000000000000034e-04
2.040795178999999848e+00 8.999999999999999754e-04
2.050999154999999963e+00 8.199999999999999824e-04
2.061254150999999979e+00 7.699999999999999597e-04
2.071560421000000041e+00 5.500000000000000331e-04
2.081918223999999817e+00 4.000000000000000192e-04
2.092327814999999980e+00 2.799999999999999755e-04
2.102789453999999836e+00 1.499999999999999869e-04
2.113303401000000026e+00 8.000000000000000654e-05
2.123869918000000023e+00 6.999999999999999387e-05
2.134489267999999829e+00 6.999999999999999387e-05
2.145161713999999886e+00 3.000000000000000076e-05
2.155887523000000083e+00 1.000000000000000082e-05
2.166666960000000142e+00 0.000000000000000000e+00
2.177500295000000197e+00 0.000000000000000000e+00
2.188387796000000218e+00 0.000000000000000000e+00
2.199329735000000063e+00 0.000000000000000000e+00
2.210326384000000033e+00 0.000000000000000000e+00
2.221378016000000066e+00 0.000000000000000000e+00
2.232484905999999825e+00 0.000000000000000000e+00
2.243647331000000023e+00 0.000000000000000000e+00
2.254865566999999960e+00 0.000000000000000000e+00
2.266139894999999793e+00 0.000000000000000000e+00
2.277470595000000042e+00 0.000000000000000000e+00
2.288857947999999976e+00 0.000000000000000000e+00
2.300302236999999916e+00 0.000000000000000000e+00
2.311803747999999992e+00 0.000000000000000000e+00
2.323362766999999884e+00 0.000000000000000000e+00
2.334979580999999804e+00 0.000000000000000000e+00
2.346654479000000126e+00 0.000000000000000000e+00
2.358387750999999977e+00 0.000000000000000000e+00
2.370179690000000061e+00 0.000000000000000000e+00
2.382030589000000198e+00 0.000000000000000000e+00
2.393940741999999844e+00 0.000000000000000000e+00
2.405910444999999953e+00 0.000000000000000000e+00
2.417939996999999952e+00 0.000000000000000000e+00
2.430029697000000155e+00 0.000000000000000000e+00
2.442179846000000154e+00 0.000000000000000000e+00
2.454390744999999985e+00 0.000000000000000000e+00
2.466662699000000014e+00 0.000000000000000000e+00
2.478996012000000082e+00 0.000000000000000000e+00
2.491390991999999915e+00 0.000000000000000000e+00
2.503847947000000129e+00 0.000000000000000000e+00
2.516367187000000172e+00 0.000000000000000000e+00
2.528949023000000018e+00 0.000000000000000000e+00
2.541593767999999809e+00 0.000000000000000000e+00
2.554301736999999850e+00 0.000000000000000000e+00
2.567073246000000086e+00 0.000000000000000000e+00
2.579908612000000101e+00 0.000000000000000000e+00
2.592808155000000170e+00 0.000000000000000000e+00
2.605772196000000207e+00 0.000000000000000000e+00
2.618801057000000210e+00 0.000000000000000000e+00
2.631895061999999896e+00 0.000000000000000000e+00
2.645054537000000039e+00 0.000000000000000000e+00
2.658279809999999799e+00 0.000000000000000000e+00
2.671571209000000113e+00 0.000000000000000000e+00
2.684929064999999948e+00 0.000000000000000000e+00
2.698353710000000127e+00 0.000000000000000000e+00
2.711845478999999948e+00 0.000000000000000000e+00
2.725404705999999955e+00 0.000000000000000000e+00
2.739031730000000220e+00 0.000000000000000000e+00
2.752726888999999844e+00 0.000000000000000000e+00
2.766490522999999868e+00 0.000000000000000000e+00
2.780322975999999890e+00 0.000000000000000000e+00
2.794224590999999869e+00 0.000000000000000000e+00
2.808195712999999927e+00 0.000000000000000000e+00
2.822236692000000158e+00 0.000000000000000000e+00
2.836347874999999963e+00 0.000000000000000000e+00
2.850529615000000128e+00 0.000000000000000000e+00
2.864782262999999940e+00 0.000000000000000000e+00
2.879106173999999907e+00 0.000000000000000000e+00
2.893501704999999813e+00 0.000000000000000000e+00
2.907969213999999969e+00 0.000000000000000000e+00
2.922509059999999881e+00 0.000000000000000000e+00
2.937121605000000191e+00 0.000000000000000000e+00
2.951807212999999930e+00 0.000000000000000000e+00
2.966566248999999988e+00 0.000000000000000000e+00
2.981399080000000090e+00 0.000000000000000000e+00
2.996306076000000207e+00 0.000000000000000000e+00
3.011287605999999784e+00 0.000000000000000000e+00
3.026344044000000011e+00 3.000000000000000076e-05
3.041475763999999860e+00 1.700000000000000122e-04
3.056683142999999880e+00 6.999999999999999387e-05
3.071966558999999819e+00 4.099999999999999912e-04
3.087326392000000030e+00 3.400000000000000244e-04
3.102763024000000147e+00 3.000000000000000076e-05
3.118276838999999967e+00 0.000000000000000000e+00
3.133868222999999897e+00 0.000000000000000000e+00
3.149537564000000067e+00 0.000000000000000000e+00
3.165285251999999883e+00 0.000000000000000000e+00
3.181111678000000165e+00 0.000000000000000000e+00
3.197017236999999845e+00 0.000000000000000000e+00
3.213002322999999993e+00 0.000000000000000000e+00
3.229067333999999789e+00 0.000000000000000000e+00
3.245212670999999993e+00 0.000000000000000000e+00
3.261438733999999950e+00 0.000000000000000000e+00
3.277745927999999864e+00 0.000000000000000000e+00
3.294134657999999938e+00 0.000000000000000000e+00
3.310605331000000096e+00 0.000000000000000000e+00
3.327158358000000149e+00 0.000000000000000000e+00
3.343794148999999827e+00 0.000000000000000000e+00
3.360513119999999798e+00 0.000000000000000000e+00
3.377315686000000206e+00 0.000000000000000000e+00
3.394202264000000024e+00 0.000000000000000000e+00
3.411173275999999976e+00 0.000000000000000000e+00
3.428229142000000174e+00 0.000000000000000000e+00
3.445370287999999892e+00 0.000000000000000000e+00
3.462597139000000102e+00 0.000000000000000000e+00
3.479910124999999965e+00 0.000000000000000000e+00
3.497309674999999896e+00 0.000000000000000000e+00
3.514796223999999913e+00 0.000000000000000000e+00
3.532370204999999874e+00 0.000000000000000000e+00
3.550032056000000047e+00 0.000000000000000000e+00
3.567782215999999895e+00 0.000000000000000000e+00
3.585621127000000019e+00 0.000000000000000000e+00
3.603549232999999852e+00 0.000000000000000000e+00
3.621566978999999797e+00 0.000000000000000000e+00
3.639674814000000147e+00 0.000000000000000000e+00
3.657873187999999942e+00 0.000000000000000000e+00
3.676162553999999805e+00 1.000000000000000082e-05
3.694543367000000078e+00 1.000000000000000082e-05
3.713016083999999939e+00 1.100000000000000039e-04
3.731581164000000062e+00 8.300000000000000086e-04
3.750239070000000119e+00 2.239999999999999804e-03
3.768990264999999784e+00 7.600000000000000418e-04
3.787835215999999949e+00 6.800000000000000488e-04
3.806774392999999979e+00 4.179999999999999688e-03
3.825808265000000041e+00 2.424000000000000113e-02
3.844937305999999833e+00 1.139999999999999954e-03
3.864161992000000101e+00 4.380000000000000213e-03
3.883482802000000067e+00 9.740000000000000394e-03
3.902900215999999922e+00 2.170000000000000054e-03
3.922414717000000106e+00 1.693000000000000060e-02
3.942026790999999974e+00 1.339000000000000086e-02
3.961736924999999854e+00 2.026999999999999982e-02
3.981545609999999957e+00 1.481000000000000025e-02
4.001453338000000137e+00 3.076999999999999874e-02
4.021460603999999606e+00 3.774000000000000271e-02
4.041567907000000126e+00 4.284999999999999920e-02
4.061775747000000436e+00 7.856000000000000483e-02
4.082084626000000327e+00 1.140000000000000041e-01
4.102495048999999838e+00 9.847999999999999809e-02
4.123007524000000146e+00 1.464999999999999913e-01
4.143622562000000009e+00 1.063500000000000001e-01
4.164340673999999964e+00 1.005700000000000066e-01
4.185162378000000238e+00 8.919000000000000539e-02
4.206088190000000004e+00 1.317200000000000037e-01
4.227118630999999738e+00 4.399000000000000132e-02
4.248254224000000079e+00 2.715000000000000052e-02
4.269495495000000140e+00 4.410000000000000031e-02
4.290842972000000088e+00 2.646000000000000088e-02
4.312297187000000420e+00 1.866999999999999910e-02
4.333858672999999939e+00 2.406000000000000152e-02
4.355527966999999556e+00 8.089999999999999969e-03
4.377305606000000182e+00 2.537000000000000019e-02
4.399192133999999754e+00 2.309999999999999987e-03
4.421188094999999763e+00 2.214999999999999955e-02
4.443294036000000169e+00 4.519999999999999712e-03
4.465510506000000213e+00 1.829000000000000070e-02
4.487838058000000352e+00 1.443000000000000012e-02
4.510277248999999600e+00 6.179999999999999730e-03
4.532828635000000439e+00 1.013000000000000012e-02
4.555492777999999632e+00 3.511000000000000232e-02
4.578270242000000323e+00 3.072000000000000078e-02
4.601161592999999606e+00 3.300000000000000155e-02
4.624167401000000233e+00 4.499999999999999660e-03
4.647288237999999794e+00 8.499999999999999526e-04
4.670524678999999679e+00 3.099999999999999891e-03
4.693877302999999834e+00 1.485999999999999995e-02
4.717346689000000204e+00 1.010000000000000047e-03
4.740933423000000424e+00 4.649999999999999620e-03
4.764638090000000048e+00 4.129999999999999991e-03
4.788461279999999931e+00 1.100000000000000066e-03
4.812403587000000371e+00 7.399999999999999894e-04
4.836465603999999807e+00 1.750000000000000036e-03
4.860647933000000087e+00 4.099999999999999912e-04
4.884951172000000064e+00 2.200000000000000078e-04
4.909375928000000222e+00 6.899999999999999667e-04
4.933922808000000160e+00 6.099999999999999737e-04
4.958592421999999722e+00 3.000000000000000076e-05
4.983385383999999974e+00 1.399999999999999877e-04
5.008302310999999563e+00 2.000000000000000164e-05
5.033343821999999967e+00 1.000000000000000082e-05
5.058510541000000416e+00 6.000000000000000152e-05
5.083803094000000300e+00 1.000000000000000082e-05
5.109222110000000150e+00 1.000000000000000082e-05
5.134768219999999772e+00 0.000000000000000000e+00
5.160442061000000358e+00 0.000000000000000000e+00
5.186244271999999711e+00 0.000000000000000000e+00
5.212175493000000159e+00 0.000000000000000000e+00
5.238236370000000086e+00 0.000000000000000000e+00
5.264427551999999899e+00 0.000000000000000000e+00
5.290749690000000172e+00 0.000000000000000000e+00
5.317203437999999949e+00 0.000000000000000000e+00
5.343789455999999660e+00 0.000000000000000000e+00
5.370508402999999653e+00 0.000000000000000000e+00
5.397360944999999965e+00 0.000000000000000000e+00
5.424347749999999913e+00 0.000000000000000000e+00
5.451469487999999863e+00 0.000000000000000000e+00
5.478726835999999878e+00 0.000000000000000000e+00
5.506120469999999933e+00 0.000000000000000000e+00
5.533651071999999616e+00 0.000000000000000000e+00
5.561319327999999729e+00 0.000000000000000000e+00
5.589125924000000190e+00 0.000000000000000000e+00
5.617071553999999800e+00 0.000000000000000000e+00
5.645156912000000027e+00 0.000000000000000000e+00
5.673382696000000003e+00 0.000000000000000000e+00
5.701749610000000246e+00 0.000000000000000000e+00
5.730258358000000385e+00 0.000000000000000000e+00
5.758909649999999658e+00 0.000000000000000000e+00
5.787704198000000133e+00 0.000000000000000000e+00
5.816642718999999850e+00 0.000000000000000000e+00
5.845725931999999680e+00 0.000000000000000000e+00
5.874954562000000102e+00 0.000000000000000000e+00
5.904329334999999901e+00 0.000000000000000000e+00
5.933850982000000052e+00 0.000000000000000000e+00
5.963520237000000002e+00 0.000000000000000000e+00
5.993337838000000417e+00 0.000000000000000000e+00
6.023304526999999631e+00 0.000000000000000000e+00
6.053421049999999859e+00 0.000000000000000000e+00
6.083688154999999931e+00 0.000000000000000000e+00
6.114106596000000060e+00 0.000000000000000000e+00
6.144677128999999738e+00 0.000000000000000000e+00
6.175400513999999674e+00 0.000000000000000000e+00
6.206277517000000188e+00 0.000000000000000000e+00
6.237308903999999821e+00 0.000000000000000000e+00
6.268495449000000441e+00 0.000000000000000000e+00
6.299837926000000365e+00 0.000000000000000000e+00
6.331337116000000265e+00 0.000000000000000000e+00
6.362993801000000005e+00 0.000000000000000000e+00
6.394808770000000031e+00 0.000000000000000000e+00
6.426782814000000066e+00 0.000000000000000000e+00
6.458916728000000163e+00 0.000000000000000000e+00
6.491211311999999900e+00 0.000000000000000000e+00
6.523667367999999911e+00 0.000000000000000000e+00
6.556285704999999631e+00 0.000000000000000000e+00
6.589067134000000436e+00 0.000000000000000000e+00
6.622012469000000401e+00 0.000000000000000000e+00
6.655122532000000035e+00 0.000000000000000000e+00
6.688398143999999768e+00 0.000000000000000000e+00
6.721840134999999883e+00 0.000000000000000000e+00
6.755449335999999860e+00 0.000000000000000000e+00
6.789226582999999593e+00 0.000000000000000000e+00
6.823172715000000110e+00 0.000000000000000000e+00
6.857288579000000439e+00 0.000000000000000000e+00
6.891575021999999606e+00 0.000000000000000000e+00
6.926032896999999799e+00 0.000000000000000000e+00
6.960663062000000068e+00 0.000000000000000000e+00
6.995466376999999625e+00 0.000000000000000000e+00
7.030443709000000041e+00 0.000000000000000000e+00
7.065595927000000387e+00 0.000000000000000000e+00
7.100923907000000312e+00 0.000000000000000000e+00
7.136428526000000439e+00 0.000000000000000000e+00
7.172110669000000271e+00 0.000000000000000000e+00
7.207971222000000289e+00 0.000000000000000000e+00
7.244011078999999853e+00 0.000000000000000000e+00
7.280231134000000104e+00 0.000000000000000000e+00
7.316632290000000260e+00 0.000000000000000000e+00
7.353215450999999625e+00 0.000000000000000000e+00
7.389981527999999855e+00 0.000000000000000000e+00
7.426931436000000275e+00 0.000000000000000000e+00
7.464066092999999569e+00 0.000000000000000000e+00
7.501386423999999664e+00 0.000000000000000000e+00
7.538893355999999990e+00 0.000000000000000000e+00
7.576587821999999584e+00 0.000000000000000000e+00
7.614470761999999837e+00 0.000000000000000000e+00
7.652543115000000284e+00 0.000000000000000000e+00
7.690805830999999593e+00 0.000000000000000000e+00
7.729259859999999982e+00 0.000000000000000000e+00
7.767906158999999811e+00 0.000000000000000000e+00
7.806745689999999627e+00 0.000000000000000000e+00
7.845779419000000310e+00 0.000000000000000000e+00
7.885008316000000406e+00 0.000000000000000000e+00
7.924433356999999845e+00 0.000000000000000000e+00
7.964055523999999942e+00 0.000000000000000000e+00
8.003875801999999595e+00 0.000000000000000000e+00
8.043895180999999894e+00 0.000000000000000000e+00
8.084114657000000648e+00 0.000000000000000000e+00
8.124535229999999331e+00 0.000000000000000000e+00
8.165157905999999244e+00 0.000000000000000000e+00
8.205983696000000549e+00 0.000000000000000000e+00
8.247013614000000103e+00 0.000000000000000000e+00
8.288248682000000755e+00 0.000000000000000000e+00
8.329689926000000355e+00 0.000000000000000000e+00
8.371338375000000553e+00 0.000000000000000000e+00
8.413195067000000194e+00 0.000000000000000000e+00
8.455261042000000060e+00 0.000000000000000000e+00
8.497537347999999824e+00 0.000000000000000000e+00
8.540025033999999238e+00 0.000000000000000000e+00
8.582725160000000741e+00 0.000000000000000000e+00
8.625638784999999586e+00 0.000000000000000000e+00
8.668766979000000816e+00 0.000000000000000000e+00
8.712110814000000758e+00 0.000000000000000000e+00
8.755671367999999788e+00 0.000000000000000000e+00
8.799449725000000555e+00 0.000000000000000000e+00
8.843446974000000793e+00 0.000000000000000000e+00
8.887664209000000426e+00 0.000000000000000000e+00
8.932102529999999874e+00 0.000000000000000000e+00
8.976763041999999970e+00 0.000000000000000000e+00
9.021646857000000352e+00 0.000000000000000000e+00
9.066755091999999294e+00 0.000000000000000000e+00
9.112088867000000647e+00 0.000000000000000000e+00
9.157649312000000208e+00 0.000000000000000000e+00
9.203437557999999186e+00 0.000000000000000000e+00
9.249454745999999616e+00 0.000000000000000000e+00
9.295702020000000232e+00 0.000000000000000000e+00
9.342180530000000260e+00 0.000000000000000000e+00
9.388891431999999426e+00 0.000000000000000000e+00
9.435835889999999893e+00 0.000000000000000000e+00
9.483015069000000352e+00 0.000000000000000000e+00
9.530430144000000325e+00 0.000000000000000000e+00
9.578082294999999746e+00 0.000000000000000000e+00
9.625972707000000739e+00 0.000000000000000000e+00
9.674102570000000512e+00 0.000000000000000000e+00
9.722473083000000571e+00 0.000000000000000000e+00
9.771085447999999118e+00 0.000000000000000000e+00
9.819940876000000429e+00 0.000000000000000000e+00
9.869040580000000062e+00 0.000000000000000000e+00
9.918385782999999734e+00 0.000000000000000000e+00
9.967977711999999713e+00 1.000000000000000082e-05
1.001781760000000077e+01 0.000000000000000000e+00
1.006790668999999916e+01 0.000000000000000000e+00
1.011824621999999962e+01 1.000000000000000082e-05
1.016883744999999983e+01 1.000000000000000082e-05
1.021968163999999923e+01 1.000000000000000082e-05
1.027078005000000083e+01 0.000000000000000000e+00
1.032213394999999956e+01 0.000000000000000000e+00
1.037374462000000008e+01 0.000000000000000000e+00
1.042561333999999995e+01 0.000000000000000000e+00
1.047774141000000014e+01 0.000000000000000000e+00
1.053013012000000082e+01 2.000000000000000164e-05
1.058278076999999939e+01 0.000000000000000000e+00
1.063569466999999946e+01 1.000000000000000082e-05
1.068887314000000011e+01 0.000000000000000000e+00
1.074231750999999946e+01 0.000000000000000000e+00
1.079602910000000016e+01 2.000000000000000164e-05
1.085000924000000033e+01 0.000000000000000000e+00
1.090425929000000060e+01 1.000000000000000082e-05
1.095878058000000088e+01 0.000000000000000000e+00
1.101357448999999988e+01 0.000000000000000000e+00
1.106864236000000012e+01 0.000000000000000000e+00
1.112398557000000032e+01 1.000000000000000082e-05
1.117960549999999920e+01 2.000000000000000164e-05
1.123550353000000079e+01 0.000000000000000000e+00
1.129168104000000028e+01 1.000000000000000082e-05
1.134813944999999968e+01 1.000000000000000082e-05
1.140488015000000033e+01 1.000000000000000082e-05
1.146190454999999986e+01 1.000000000000000082e-05
1.151921407000000031e+01 3.000000000000000076e-05
1.157681013999999919e+01 1.000000000000000082e-05
1.163469418999999938e+01 0.000000000000000000e+00
1.169286765999999922e+01 0.000000000000000000e+00
1.175133199999999967e+01 0.000000000000000000e+00
1.181008865999999990e+01 0.000000000000000000e+00
1.186913909999999994e+01 0.000000000000000000e+00
1.192848479999999967e+01 1.000000000000000082e-05
1.198812722000000086e+01 1.000000000000000082e-05
1.204806785999999974e+01 0.000000000000000000e+00
1.210830819999999974e+01 2.000000000000000164e-05
1.216884974000000064e+01 3.000000000000000076e-05
1.222969398999999946e+01 2.000000000000000164e-05
1.229084246000000036e+01 1.000000000000000082e-05
1.235229666999999942e+01 1.000000000000000082e-05
1.241405815000000068e+01 0.000000000000000000e+00
1.247612844999999915e+01 0.000000000000000000e+00
1.253850908999999980e+01 0.000000000000000000e+00
1.260120163000000026e+01 0.000000000000000000e+00
1.266420764000000077e+01 1.000000000000000082e-05
1.272752868000000070e+01 0.000000000000000000e+00
1.279116632000000031e+01 1.000000000000000082e-05
1.285512214999999969e+01 0.000000000000000000e+00
1.291939776000000073e+01 1.000000000000000082e-05
1.298399475000000081e+01 0.000000000000000000e+00
1.304891472999999991e+01 0.000000000000000000e+00
1.311415930000000074e+01 0.000000000000000000e+00
1.317973010000000045e+01 0.000000000000000000e+00
1.324562874999999984e+01 0.000000000000000000e+00
1.331185688999999961e+01 0.000000000000000000e+00
1.337841618000000032e+01 0.000000000000000000e+00
1.344530825999999912e+01 0.000000000000000000e+00
1.351253479999999918e+01 0.000000000000000000e+00
1.358009747000000011e+01 0.000000000000000000e+00
1.364799795999999965e+01 0.000000000000000000e+00
1.371623795000000001e+01 0.000000000000000000e+00
1.378481913999999975e+01 0.000000000000000000e+00
1.385374322999999919e+01 0.000000000000000000e+00
1.392301194999999936e+01 0.000000000000000000e+00
1.399262700999999964e+01 0.000000000000000000e+00
1.406259015000000012e+01 0.000000000000000000e+00
1.413290310000000005e+01 0.000000000000000000e+00
1.420356761000000034e+01 0.000000000000000000e+00
1.427458545000000001e+01 0.000000000000000000e+00
1.434595838000000079e+01 0.000000000000000000e+00
1.441768816999999991e+01 0.000000000000000000e+00
1.448977660999999983e+01 0.000000000000000000e+00
1.456222548999999944e+01 0.000000000000000000e+00
1.463503661999999927e+01 0.000000000000000000e+00
1.470821180000000084e+01 0.000000000000000000e+00
1.478175285999999922e+01 0.000000000000000000e+00
1.485566163000000017e+01 0.000000000000000000e+00
1.492993994000000058e+01 0.000000000000000000e+00
1.500458964000000073e+01 0.000000000000000000e+00
1.507961257999999916e+01 0.000000000000000000e+00
1.515501064999999947e+01 0.000000000000000000e+00
1.523078570000000020e+01 0.000000000000000000e+00
1.530693963000000046e+01 0.000000000000000000e+00
1.538347433000000031e+01 0.000000000000000000e+00
1.546039170000000063e+01 0.000000000000000000e+00
1.553769366000000041e+01 0.000000000000000000e+00
1.561538211999999959e+01 0.000000000000000000e+00
1.569345902999999964e+01 0.000000000000000000e+00
1.577192632999999944e+01 0.000000000000000000e+00
1.585078595999999962e+01 0.000000000000000000e+00
1.593003988999999976e+01 0.000000000000000000e+00
1.600969008999999943e+01 0.000000000000000000e+00
1.608973853999999903e+01 0.000000000000000000e+00
1.617018722999999980e+01 0.000000000000000000e+00
1.625103817000000106e+01 0.000000000000000000e+00
1.633229336000000131e+01 0.000000000000000000e+00
1.641395483000000155e+01 0.000000000000000000e+00
1.649602459999999837e+01 0.000000000000000000e+00
1.657850472999999880e+01 0.000000000000000000e+00
1.666139725000000027e+01 0.000000000000000000e+00
1.674470424000000079e+01 0.000000000000000000e+00
1.682842776000000029e+01 0.000000000000000000e+00
1.691256990000000116e+01 0.000000000000000000e+00
1.699713274000000141e+01 0.000000000000000000e+00
