5.000000000000000000e-01 7.552600000000000424e-01
5.024999999999999467e-01 7.529799999999999827e-01
5.050124999999999753e-01 7.516699999999999493e-01
5.075375625000000390e-01 7.573100000000000387e-01
5.100752503000000049e-01 7.650000000000000133e-01
5.126256265999999950e-01 7.696800000000000308e-01
5.151887547000000289e-01 7.723499999999999810e-01
5.177646984999999535e-01 7.746100000000000207e-01
5.203535219999999573e-01 7.765600000000000280e-01
5.229552896000000395e-01 7.770700000000000385e-01
5.255700660000000024e-01 7.762999999999999901e-01
5.281979164000000226e-01 7.751200000000000312e-01
5.308389059000000465e-01 7.745600000000000263e-01
5.334931004999999837e-01 7.763099999999999445e-01
5.361605659999999496e-01 7.803200000000000136e-01
5.388413687999999979e-01 7.828100000000000058e-01
5.415355755999999854e-01 7.811799999999999855e-01
5.442432535000000238e-01 7.829099999999999948e-01
5.469644698000000194e-01 7.841399999999999482e-01
5.496992921000000143e-01 7.875799999999999468e-01
5.524477885999999893e-01 7.895299999999999541e-01
5.552100275000000362e-01 7.902000000000000135e-01
5.579860776999999716e-01 7.894999999999999796e-01
5.607760080999999452e-01 7.873400000000000398e-01
5.635798881000000371e-01 7.848500000000000476e-01
5.663977875000000273e-01 7.812900000000000400e-01
5.692297764999999510e-01 7.701700000000000212e-01
5.720759253999999627e-01 7.682999999999999829e-01
5.749363050000000364e-01 7.637100000000000000e-01
5.778109864999999568e-01 7.676800000000000290e-01
5.807000413999999777e-01 7.816199999999999815e-01
5.836035416999999503e-01 7.939699999999999536e-01
5.865215593999999477e-01 7.965200000000000058e-01
5.894541671999999899e-01 7.664600000000000302e-01
5.924014380000000024e-01 7.709700000000000442e-01
5.953634451999999522e-01 7.735199999999999854e-01
5.983402624000000447e-01 7.886199999999999877e-01
6.013319636999999718e-01 7.987499999999999600e-01
6.043386235000000051e-01 8.043099999999999694e-01
6.073603167000000136e-01 8.093200000000000394e-01
6.103971181999999773e-01 8.149199999999999777e-01
6.134491037999999508e-01 8.201800000000000201e-01
6.165163493999999966e-01 8.244599999999999707e-01
6.195989310999999722e-01 8.270199999999999774e-01
6.226969258000000229e-01 8.276299999999999768e-01
6.258104103999999612e-01 8.246700000000000141e-01
6.289394623999999823e-01 7.881799999999999917e-01
6.320841596999999812e-01 8.228900000000000103e-01
6.352445804999999890e-01 8.389999999999999680e-01
6.384208034999999670e-01 8.502100000000000213e-01
6.416129074999999959e-01 8.581100000000000394e-01
6.448209719999999923e-01 8.576899999999999524e-01
6.480450769000000166e-01 8.322300000000000253e-01
6.512853022000000269e-01 8.504199999999999537e-01
6.545417287999999445e-01 8.553100000000000147e-01
6.578144374000000072e-01 8.689599999999999547e-01
6.611035095999999722e-01 8.822499999999999787e-01
6.644090271000000492e-01 8.876399999999999846e-01
6.677310722999999504e-01 8.922700000000000076e-01
6.710697276000000544e-01 8.962799999999999656e-01
6.744250763000000370e-01 8.997500000000000497e-01
6.777972017000000182e-01 9.028000000000000469e-01
6.811861876999999454e-01 9.050099999999999811e-01
6.845921186000000214e-01 9.059399999999999675e-01
6.880150792000000459e-01 6.663099999999999579e-01
6.914551545999999549e-01 8.151300000000000212e-01
6.949124303999999475e-01 8.320899999999999963e-01
6.983869925000000256e-01 8.750299999999999745e-01
7.018789275000000272e-01 8.656000000000000361e-01
7.053883221000000203e-01 8.906100000000000128e-01
7.089152637000000201e-01 9.043600000000000527e-01
7.124598399999999554e-01 9.101000000000000201e-01
7.160221392000000185e-01 8.311600000000000099e-01
7.196022498999999906e-01 7.118900000000000228e-01
7.232002612000000275e-01 7.688300000000000134e-01
7.268162624999999766e-01 7.478299999999999947e-01
7.304503437999999571e-01 7.677699999999999525e-01
7.341025955000000103e-01 8.764999999999999458e-01
7.377731084999999966e-01 8.987000000000000544e-01
7.414619740000000236e-01 9.279300000000000326e-01
7.451692839000000346e-01 9.379499999999999504e-01
7.488951302999999893e-01 9.401100000000000012e-01
7.526396060000000166e-01 9.416700000000000070e-01
7.564028040000000397e-01 9.411500000000000421e-01
7.601848180000000399e-01 3.508899999999999797e-01
7.639857421000000315e-01 4.697899999999999854e-01
7.678056707999999508e-01 8.365599999999999703e-01
7.716446992000000060e-01 9.388699999999999823e-01
7.755029226999999858e-01 9.503000000000000336e-01
7.793804372999999508e-01 9.513200000000000545e-01
7.832773395000000027e-01 9.512899999999999689e-01
7.871937262000000546e-01 9.331399999999999695e-01
7.911296947999999496e-01 9.212599999999999678e-01
7.950853433000000248e-01 9.288499999999999535e-01
7.990607699999999758e-01 9.183099999999999596e-01
8.030560739000000003e-01 9.221000000000000307e-01
8.070713541999999796e-01 9.367600000000000371e-01
8.111067109999999802e-01 8.796199999999999575e-01
8.151622445999999744e-01 7.251199999999999868e-01
8.192380557999999757e-01 7.819000000000000394e-01
8.233342460999999446e-01 7.570900000000000407e-01
8.274509172999999773e-01 8.054200000000000248e-01
8.315881719000000061e-01 8.374300000000000077e-01
8.357461126999999879e-01 8.994900000000000118e-01
8.399248432999999459e-01 9.326400000000000245e-01
8.441244675000000308e-01 9.530699999999999728e-01
8.483450899000000156e-01 9.589400000000000146e-01
8.525868153000000227e-01 9.571800000000000308e-01
8.568497494000000270e-01 9.635200000000000431e-01
8.611339981000000199e-01 9.675500000000000211e-01
8.654396680999999480e-01 9.699799999999999534e-01
8.697668665000000132e-01 9.711199999999999832e-01
8.741157008000000062e-01 9.715099999999999847e-01
8.784862793000000059e-01 9.701499999999999568e-01
8.828787107000000134e-01 9.675599999999999756e-01
8.872931041999999602e-01 9.613199999999999523e-01
8.917295697999999549e-01 9.387199999999999989e-01
8.961882176000000033e-01 7.473199999999999843e-01
9.006691586999999721e-01 7.061899999999999844e-01
9.051725044999999747e-01 7.684199999999999919e-01
9.096983669999999522e-01 7.034000000000000252e-01
9.142468589000000145e-01 6.815299999999999692e-01
9.188180930999999552e-01 7.519200000000000328e-01
9.234121835999999917e-01 7.760799999999999921e-01
9.280292445000000168e-01 6.303299999999999459e-01
9.326693907999999977e-01 2.610000000000000098e-01
9.373327377000000293e-01 2.601600000000000024e-01
9.420194013999999560e-01 3.601199999999999957e-01
9.467294983999999802e-01 3.261700000000000155e-01
9.514631459000000291e-01 3.329300000000000037e-01
9.562204615999999602e-01 4.415100000000000136e-01
9.610015639000000220e-01 4.642200000000000215e-01
9.658065717999999578e-01 6.179799999999999738e-01
9.706356045999999793e-01 8.102099999999999858e-01
9.754887826000000484e-01 7.316899999999999515e-01
9.803662265000000486e-01 8.062599999999999767e-01
9.852680577000000328e-01 9.068100000000000049e-01
9.901943979999999756e-01 9.567799999999999638e-01
9.951453700000000291e-01 9.690100000000000380e-01
1.000121097000000070e+00 9.697200000000000264e-01
1.005121702000000061e+00 9.691699999999999759e-01
1.010147311000000103e+00 9.657400000000000428e-01
1.015198046999999937e+00 9.761900000000000022e-01
1.020274037999999939e+00 9.761400000000000077e-01
1.025375407999999933e+00 9.766200000000000436e-01
1.030502285000000073e+00 9.821199999999999930e-01
1.035654795999999989e+00 9.847799999999999887e-01
1.040833069999999916e+00 9.820799999999999530e-01
1.046037236000000092e+00 9.765099999999999891e-01
1.051267422000000007e+00 9.709699999999999998e-01
1.056523759000000062e+00 9.637000000000000011e-01
1.061806377999999995e+00 9.537499999999999867e-01
1.067115409999999986e+00 9.495900000000000452e-01
1.072450987000000078e+00 9.576000000000000068e-01
1.077813241999999949e+00 9.478600000000000358e-01
1.083202307999999947e+00 9.414799999999999836e-01
1.088618319000000056e+00 9.179899999999999727e-01
1.094061410999999984e+00 8.683100000000000263e-01
1.099531717999999936e+00 7.979399999999999826e-01
1.105029376999999924e+00 7.209400000000000253e-01
1.110554523000000016e+00 5.904099999999999904e-01
1.116107296000000026e+00 3.194899999999999962e-01
1.121687832000000107e+00 1.695099999999999940e-01
1.127296271999999933e+00 1.147900000000000031e-01
1.132932752999999959e+00 1.882300000000000084e-01
1.138597416999999945e+00 3.774500000000000077e-01
1.144290403999999928e+00 2.227800000000000058e-01
1.150011856000000110e+00 3.347999999999999865e-01
1.155761915000000029e+00 4.337199999999999944e-01
1.161540725000000052e+00 6.329599999999999671e-01
1.167348427999999938e+00 7.389499999999999957e-01
1.173185171000000082e+00 7.516000000000000458e-01
1.179051096000000021e+00 7.825800000000000534e-01
1.184946352000000092e+00 8.122300000000000075e-01
1.190871084000000080e+00 8.044499999999999984e-01
1.196825438999999935e+00 8.070300000000000251e-01
1.202809565999999997e+00 8.260999999999999455e-01
1.208823613999999935e+00 8.570799999999999530e-01
1.214867732000000089e+00 8.727099999999999858e-01
1.220942071000000073e+00 9.068599999999999994e-01
1.227046781000000086e+00 9.286400000000000210e-01
1.233182014999999909e+00 9.597999999999999865e-01
1.239347924999999906e+00 9.668999999999999817e-01
1.245544664999999940e+00 9.606599999999999584e-01
1.251772388000000014e+00 9.380600000000000049e-01
1.258031249999999934e+00 8.883400000000000185e-01
1.264321406000000092e+00 7.844999999999999751e-01
1.270643012999999932e+00 7.451600000000000446e-01
1.276996228000000011e+00 8.967800000000000216e-01
1.283381209000000078e+00 9.541800000000000281e-01
1.289798116000000050e+00 9.399399999999999977e-01
1.296247106000000038e+00 9.071000000000000174e-01
1.302728341999999984e+00 8.320199999999999818e-01
1.309241982999999943e+00 8.015999999999999792e-01
1.315788192999999939e+00 6.903399999999999537e-01
1.322367134000000055e+00 6.383999999999999675e-01
1.328978970000000093e+00 4.775800000000000045e-01
1.335623865000000077e+00 4.370899999999999785e-01
1.342301983999999893e+00 3.194299999999999917e-01
1.349013494000000035e+00 4.612999999999999740e-02
1.355758561000000029e+00 1.740000000000000010e-03
1.362537354000000089e+00 3.000000000000000076e-05
1.369350040999999907e+00 3.000000000000000076e-05
1.376196790999999919e+00 4.000000000000000192e-04
1.383077775000000065e+00 1.000000000000000048e-04
1.389993164000000059e+00 6.800000000000000488e-04
1.396943129999999922e+00 6.899999999999999667e-04
1.403927845999999979e+00 2.569999999999999802e-03
1.410947484999999890e+00 9.090000000000000857e-03
1.418002221999999923e+00 2.368999999999999925e-02
1.425092232999999986e+00 5.614000000000000240e-02
1.432217693999999986e+00 8.301000000000000045e-02
1.439378782999999995e+00 8.566999999999999615e-02
1.446575677000000004e+00 1.324500000000000122e-01
1.453808554999999947e+00 2.030899999999999928e-01
1.461077597999999922e+00 2.802299999999999791e-01
1.468382985999999946e+00 1.399100000000000066e-01
1.475724900999999978e+00 2.750699999999999812e-01
1.483103524999999978e+00 2.763200000000000101e-01
1.490519042999999932e+00 5.142299999999999649e-01
1.497971638000000105e+00 6.792300000000000004e-01
1.505461495999999899e+00 6.856700000000000017e-01
1.512988803999999909e+00 8.403100000000000014e-01
1.520553747999999983e+00 9.042000000000000037e-01
1.528156516999999992e+00 9.269100000000000117e-01
1.535797298999999949e+00 9.546599999999999531e-01
1.543476285999999975e+00 9.714899999999999647e-01
1.551193666999999943e+00 9.847599999999999687e-01
1.558949635999999916e+00 9.894699999999999607e-01
1.566744383999999934e+00 9.643599999999999950e-01
1.574578105999999922e+00 8.944800000000000528e-01
1.582450995999999943e+00 9.555000000000000160e-01
1.590363251000000089e+00 9.875199999999999534e-01
1.598315066999999923e+00 9.309300000000000352e-01
1.606306642999999923e+00 9.072900000000000409e-01
1.614338175999999958e+00 9.629799999999999471e-01
1.622409867000000006e+00 9.881999999999999673e-01
1.630521915999999960e+00 9.848999999999999977e-01
1.638674525999999965e+00 9.678799999999999626e-01
1.646867897999999997e+00 9.543599999999999861e-01
1.655102238000000003e+00 9.717700000000000227e-01
1.663377748999999906e+00 9.388699999999999823e-01
1.671694637999999955e+00 9.723800000000000221e-01
1.680053111000000099e+00 9.729700000000000015e-01
1.688453377000000089e+00 9.646200000000000330e-01
1.696895642999999954e+00 9.420300000000000340e-01
1.705380121999999998e+00 9.329300000000000370e-01
1.713907021999999891e+00 9.297499999999999654e-01
1.722476557000000019e+00 8.894900000000000029e-01
1.731088940000000020e+00 8.795300000000000340e-01
1.739744385000000060e+00 8.453399999999999803e-01
1.748443106999999941e+00 7.889399999999999746e-01
1.757185321999999994e+00 7.824100000000000499e-01
1.765971248999999910e+00 7.056400000000000450e-01
1.774801105000000101e+00 6.004399999999999737e-01
1.783675110999999980e+00 4.720400000000000151e-01
1.792593485999999903e+00 3.249299999999999966e-01
1.801556453999999974e+00 1.516899999999999915e-01
1.810564236000000049e+00 4.216000000000000303e-02
1.819617057000000093e+00 1.463000000000000064e-02
1.828715142000000071e+00 5.199999999999999544e-04
1.837858717999999891e+00 4.000000000000000327e-05
1.847048011999999906e+00 6.000000000000000152e-05
1.856283252000000106e+00 3.000000000000000076e-05
1.865564667999999982e+00 1.000000000000000048e-04
1.874892490999999994e+00 6.999999999999999387e-05
1.884266954000000105e+00 2.500000000000000052e-04
1.893688288999999969e+00 5.800000000000000034e-04
1.903156730000000074e+00 5.000000000000000240e-05
1.912672514000000046e+00 7.500000000000000156e-04
1.922235876000000010e+00 4.640000000000000027e-03
1.931847056000000062e+00 1.379000000000000017e-02
1.941506291000000051e+00 4.633000000000000312e-02
1.951213821999999931e+00 9.865999999999999770e-02
1.960969892000000048e+00 1.470599999999999963e-01
1.970774741000000052e+00 4.239100000000000090e-01
1.980628615000000092e+00 6.183100000000000263e-01
1.990531757999999929e+00 6.233499999999999597e-01
2.000484417000000015e+00 2.225900000000000101e-01
2.010486838999999915e+00 1.574899999999999911e-01
2.020539272999999802e+00 3.661200000000000010e-01
2.030641968999999936e+00 7.632100000000000550e-01
2.040795178999999848e+00 8.049699999999999633e-01
2.050999154999999963e+00 5.799600000000000311e-01
2.061254150999999979e+00 5.831199999999999717e-01
2.071560421000000041e+00 6.438500000000000334e-01
2.081918223999999817e+00 8.457700000000000218e-01
2.092327814999999980e+00 9.018599999999999950e-01
2.102789453999999836e+00 9.055699999999999861e-01
2.113303401000000026e+00 9.356400000000000272e-01
2.123869918000000023e+00 9.280500000000000416e-01
2.134489267999999829e+00 9.778299999999999770e-01
2.145161713999999886e+00 9.747999999999999998e-01
2.155887523000000083e+00 9.199500000000000455e-01
2.166666960000000142e+00 9.132000000000000117e-01
2.177500295000000197e+00 9.229500000000000481e-01
2.188387796000000218e+00 9.054699999999999971e-01
2.199329735000000063e+00 8.771999999999999797e-01
2.210326384000000033e+00 9.579600000000000337e-01
2.221378016000000066e+00 9.404700000000000282e-01
2.232484905999999825e+00 9.414599999999999635e-01
2.243647331000000023e+00 9.231200000000000516e-01
2.254865566999999960e+00 9.000399999999999512e-01
2.266139894999999793e+00 8.754499999999999504e-01
2.277470595000000042e+00 8.830400000000000471e-01
2.288857947999999976e+00 8.400499999999999634e-01
2.300302236999999916e+00 8.151500000000000412e-01
2.311803747999999992e+00 8.435399999999999565e-01
2.323362766999999884e+00 8.253000000000000336e-01
2.334979580999999804e+00 7.916600000000000303e-01
2.346654479000000126e+00 7.301299999999999457e-01
2.358387750999999977e+00 7.498399999999999510e-01
2.370179690000000061e+00 6.256300000000000194e-01
2.382030589000000198e+00 5.851100000000000190e-01
2.393940741999999844e+00 6.199599999999999556e-01
2.405910444999999953e+00 5.597800000000000553e-01
2.417939996999999952e+00 3.659600000000000075e-01
2.430029697000000155e+00 4.434899999999999953e-01
2.442179846000000154e+00 4.535500000000000087e-01
2.454390744999999985e+00 3.321200000000000263e-01
2.466662699000000014e+00 2.560999999999999943e-01
2.478996012000000082e+00 1.159300000000000053e-01
2.491390991999999915e+00 2.322000000000000106e-02
2.503847947000000129e+00 5.231000000000000233e-02
2.516367187000000172e+00 7.420000000000000380e-03
2.528949023000000018e+00 3.099999999999999999e-04
2.541593767999999809e+00 4.000000000000000327e-05
2.554301736999999850e+00 0.000000000000000000e+00
2.567073246000000086e+00 0.000000000000000000e+00
2.579908612000000101e+00 0.000000000000000000e+00
2.592808155000000170e+00 0.000000000000000000e+00
2.605772196000000207e+00 0.000000000000000000e+00
2.618801057000000210e+00 0.000000000000000000e+00
2.631895061999999896e+00 0.000000000000000000e+00
2.645054537000000039e+00 0.000000000000000000e+00
2.658279809999999799e+00 0.000000000000000000e+00
2.671571209000000113e+00 0.000000000000000000e+00
2.684929064999999948e+00 0.000000000000000000e+00
2.698353710000000127e+00 0.000000000000000000e+00
2.711845478999999948e+00 0.000000000000000000e+00
2.725404705999999955e+00 0.000000000000000000e+00
2.739031730000000220e+00 0.000000000000000000e+00
2.752726888999999844e+00 0.000000000000000000e+00
2.766490522999999868e+00 0.000000000000000000e+00
2.780322975999999890e+00 0.000000000000000000e+00
2.794224590999999869e+00 0.000000000000000000e+00
2.808195712999999927e+00 0.000000000000000000e+00
2.822236692000000158e+00 1.100000000000000039e-04
2.836347874999999963e+00 3.000000000000000076e-05
2.850529615000000128e+00 8.899999999999999491e-04
2.864782262999999940e+00 3.150000000000000022e-03
2.879106173999999907e+00 1.047999999999999973e-02
2.893501704999999813e+00 5.117000000000000021e-02
2.907969213999999969e+00 3.409999999999999837e-02
2.922509059999999881e+00 8.040999999999999537e-02
2.937121605000000191e+00 1.127400000000000069e-01
2.951807212999999930e+00 1.092000000000000054e-01
2.966566248999999988e+00 9.839000000000000523e-02
2.981399080000000090e+00 1.518500000000000127e-01
2.996306076000000207e+00 2.071699999999999930e-01
3.011287605999999784e+00 1.861700000000000021e-01
3.026344044000000011e+00 1.449199999999999933e-01
3.041475763999999860e+00 8.315000000000000169e-02
3.056683142999999880e+00 7.674999999999999878e-02
3.071966558999999819e+00 1.238599999999999979e-01
3.087326392000000030e+00 3.858000000000000318e-02
3.102763024000000147e+00 5.704000000000000042e-02
3.118276838999999967e+00 1.294099999999999973e-01
3.133868222999999897e+00 2.730500000000000149e-01
3.149537564000000067e+00 2.066199999999999981e-01
3.165285251999999883e+00 5.700699999999999656e-01
3.181111678000000165e+00 4.076199999999999823e-01
3.197017236999999845e+00 7.774999999999999967e-02
3.213002322999999993e+00 2.596000000000000044e-02
3.229067333999999789e+00 1.209199999999999997e-01
3.245212670999999993e+00 1.930000000000000049e-01
3.261438733999999950e+00 9.525000000000000133e-02
3.277745927999999864e+00 2.967299999999999938e-01
3.294134657999999938e+00 1.804300000000000070e-01
3.310605331000000096e+00 8.938999999999999724e-02
3.327158358000000149e+00 3.293200000000000016e-01
3.343794148999999827e+00 2.972799999999999887e-01
3.360513119999999798e+00 3.450599999999999778e-01
3.377315686000000206e+00 4.986999999999999766e-01
3.394202264000000024e+00 6.536300000000000443e-01
3.411173275999999976e+00 5.972199999999999731e-01
3.428229142000000174e+00 6.730300000000000171e-01
3.445370287999999892e+00 7.019699999999999829e-01
3.462597139000000102e+00 7.920099999999999918e-01
3.479910124999999965e+00 7.720000000000000195e-01
3.497309674999999896e+00 8.349100000000000410e-01
3.514796223999999913e+00 8.231100000000000083e-01
3.532370204999999874e+00 7.508000000000000229e-01
3.550032056000000047e+00 7.089100000000000401e-01
3.567782215999999895e+00 7.414199999999999680e-01
3.585621127000000019e+00 7.475699999999999568e-01
3.603549232999999852e+00 7.734900000000000109e-01
3.621566978999999797e+00 8.211100000000000065e-01
3.639674814000000147e+00 8.532399999999999984e-01
3.657873187999999942e+00 8.376799999999999802e-01
3.676162553999999805e+00 6.497300000000000297e-01
3.694543367000000078e+00 8.518999999999999906e-01
3.713016083999999939e+00 8.599599999999999467e-01
3.731581164000000062e+00 8.121399999999999730e-01
3.750239070000000119e+00 8.229899999999999993e-01
3.768990264999999784e+00 8.008399999999999963e-01
3.787835215999999949e+00 8.155499999999999972e-01
3.806774392999999979e+00 8.271500000000000519e-01
3.825808265000000041e+00 8.488200000000000189e-01
3.844937305999999833e+00 8.438700000000000090e-01
3.864161992000000101e+00 7.547099999999999920e-01
3.883482802000000067e+00 6.717899999999999983e-01
3.902900215999999922e+00 7.542299999999999560e-01
3.922414717000000106e+00 7.056900000000000395e-01
3.942026790999999974e+00 7.760099999999999776e-01
3.961736924999999854e+00 8.208800000000000541e-01
3.981545609999999957e+00 7.972799999999999887e-01
4.001453338000000137e+00 7.556399999999999784e-01
4.021460603999999606e+00 6.771399999999999642e-01
4.041567907000000126e+00 5.888600000000000501e-01
4.061775747000000436e+00 5.517999999999999572e-01
4.082084626000000327e+00 4.711899999999999977e-01
4.102495048999999838e+00 4.299200000000000244e-01
4.123007524000000146e+00 3.994500000000000273e-01
4.143622562000000009e+00 3.592400000000000038e-01
4.164340673999999964e+00 1.799199999999999966e-01
4.185162378000000238e+00 2.650000000000000012e-03
4.206088190000000004e+00 0.000000000000000000e+00
4.227118630999999738e+00 0.000000000000000000e+00
4.248254224000000079e+00 0.000000000000000000e+00
4.269495495000000140e+00 0.000000000000000000e+00
4.290842972000000088e+00 0.000000000000000000e+00
4.312297187000000420e+00 0.000000000000000000e+00
4.333858672999999939e+00 0.000000000000000000e+00
4.355527966999999556e+00 0.000000000000000000e+00
4.377305606000000182e+00 0.000000000000000000e+00
4.399192133999999754e+00 0.000000000000000000e+00
4.421188094999999763e+00 0.000000000000000000e+00
4.443294036000000169e+00 1.800000000000000113e-04
4.465510506000000213e+00 1.610000000000000103e-03
4.487838058000000352e+00 3.422999999999999654e-02
4.510277248999999600e+00 1.850999999999999868e-02
4.532828635000000439e+00 3.751000000000000167e-02
4.555492777999999632e+00 1.250100000000000100e-01
4.578270242000000323e+00 3.120299999999999740e-01
4.601161592999999606e+00 5.054100000000000259e-01
4.624167401000000233e+00 6.039499999999999869e-01
4.647288237999999794e+00 6.360999999999999988e-01
4.670524678999999679e+00 5.370500000000000274e-01
4.693877302999999834e+00 6.544100000000000472e-01
4.717346689000000204e+00 4.396100000000000008e-01
4.740933423000000424e+00 5.527900000000000036e-01
4.764638090000000048e+00 5.110900000000000443e-01
4.788461279999999931e+00 3.890199999999999769e-01
4.812403587000000371e+00 3.182099999999999929e-01
4.836465603999999807e+00 2.661299999999999777e-01
4.860647933000000087e+00 3.869000000000000217e-01
4.884951172000000064e+00 3.322399999999999798e-01
4.909375928000000222e+00 3.994900000000000118e-01
4.933922808000000160e+00 3.225199999999999734e-01
4.958592421999999722e+00 2.036399999999999877e-01
4.983385383999999974e+00 3.044799999999999729e-01
5.008302310999999563e+00 1.304099999999999981e-01
5.033343821999999967e+00 1.593999999999999861e-01
5.058510541000000416e+00 3.376700000000000257e-01
5.083803094000000300e+00 4.494999999999999690e-02
5.109222110000000150e+00 8.179000000000000159e-02
5.134768219999999772e+00 2.322000000000000106e-02
5.160442061000000358e+00 3.500999999999999945e-02
5.186244271999999711e+00 5.335000000000000159e-02
5.212175493000000159e+00 2.069999999999999792e-03
5.238236370000000086e+00 1.219999999999999947e-03
5.264427551999999899e+00 1.178000000000000054e-02
5.290749690000000172e+00 5.100000000000000366e-04
5.317203437999999949e+00 5.819999999999999653e-03
5.343789455999999660e+00 3.499999999999999964e-04
5.370508402999999653e+00 2.700000000000000035e-04
5.397360944999999965e+00 5.000000000000000104e-04
5.424347749999999913e+00 2.000000000000000164e-05
5.451469487999999863e+00 0.000000000000000000e+00
5.478726835999999878e+00 1.000000000000000082e-05
5.506120469999999933e+00 3.000000000000000076e-05
5.533651071999999616e+00 0.000000000000000000e+00
5.561319327999999729e+00 0.000000000000000000e+00
5.589125924000000190e+00 0.000000000000000000e+00
5.617071553999999800e+00 0.000000000000000000e+00
5.645156912000000027e+00 0.000000000000000000e+00
5.673382696000000003e+00 0.000000000000000000e+00
5.701749610000000246e+00 0.000000000000000000e+00
5.730258358000000385e+00 0.000000000000000000e+00
5.758909649999999658e+00 0.000000000000000000e+00
5.787704198000000133e+00 0.000000000000000000e+00
5.816642718999999850e+00 0.000000000000000000e+00
5.845725931999999680e+00 0.000000000000000000e+00
5.874954562000000102e+00 0.000000000000000000e+00
5.904329334999999901e+00 0.000000000000000000e+00
5.933850982000000052e+00 0.000000000000000000e+00
5.963520237000000002e+00 0.000000000000000000e+00
5.993337838000000417e+00 0.000000000000000000e+00
6.023304526999999631e+00 0.000000000000000000e+00
6.053421049999999859e+00 0.000000000000000000e+00
6.083688154999999931e+00 0.000000000000000000e+00
6.114106596000000060e+00 0.000000000000000000e+00
6.144677128999999738e+00 0.000000000000000000e+00
6.175400513999999674e+00 0.000000000000000000e+00
6.206277517000000188e+00 0.000000000000000000e+00
6.237308903999999821e+00 0.000000000000000000e+00
6.268495449000000441e+00 0.000000000000000000e+00
6.299837926000000365e+00 0.000000000000000000e+00
6.331337116000000265e+00 0.000000000000000000e+00
6.362993801000000005e+00 0.000000000000000000e+00
6.394808770000000031e+00 0.000000000000000000e+00
6.426782814000000066e+00 0.000000000000000000e+00
6.458916728000000163e+00 0.000000000000000000e+00
6.491211311999999900e+00 0.000000000000000000e+00
6.523667367999999911e+00 0.000000000000000000e+00
6.556285704999999631e+00 0.000000000000000000e+00
6.589067134000000436e+00 0.000000000000000000e+00
6.622012469000000401e+00 0.000000000000000000e+00
6.655122532000000035e+00 0.000000000000000000e+00
6.688398143999999768e+00 0.000000000000000000e+00
6.721840134999999883e+00 0.000000000000000000e+00
6.755449335999999860e+00 0.000000000000000000e+00
6.789226582999999593e+00 0.000000000000000000e+00
6.823172715000000110e+00 0.000000000000000000e+00
6.857288579000000439e+00 0.000000000000000000e+00
6.891575021999999606e+00 0.000000000000000000e+00
6.926032896999999799e+00 0.000000000000000000e+00
6.960663062000000068e+00 0.000000000000000000e+00
6.995466376999999625e+00 0.000000000000000000e+00
7.030443709000000041e+00 0.000000000000000000e+00
7.065595927000000387e+00 0.000000000000000000e+00
7.100923907000000312e+00 0.000000000000000000e+00
7.136428526000000439e+00 0.000000000000000000e+00
7.172110669000000271e+00 0.000000000000000000e+00
7.207971222000000289e+00 2.000000000000000164e-05
7.244011078999999853e+00 1.000000000000000048e-04
7.280231134000000104e+00 2.000000000000000164e-05
7.316632290000000260e+00 1.299999999999999886e-04
7.353215450999999625e+00 5.299999999999999807e-04
7.389981527999999855e+00 2.330000000000000040e-03
7.426931436000000275e+00 5.029999999999999749e-03
7.464066092999999569e+00 1.469999999999999953e-03
7.501386423999999664e+00 1.994999999999999898e-02
7.538893355999999990e+00 4.152000000000000135e-02
7.576587821999999584e+00 3.690000000000000138e-03
7.614470761999999837e+00 5.199999999999999761e-03
7.652543115000000284e+00 1.507999999999999965e-02
7.690805830999999593e+00 5.557999999999999746e-02
7.729259859999999982e+00 7.523000000000000520e-02
7.767906158999999811e+00 5.859000000000000319e-02
7.806745689999999627e+00 1.275900000000000090e-01
7.845779419000000310e+00 8.021000000000000352e-02
7.885008316000000406e+00 1.949999999999999997e-02
7.924433356999999845e+00 8.007999999999999841e-02
7.964055523999999942e+00 2.398800000000000099e-01
8.003875801999999595e+00 4.373699999999999810e-01
8.043895180999999894e+00 3.145899999999999808e-01
8.084114657000000648e+00 5.082600000000000451e-01
8.124535229999999331e+00 6.721599999999999797e-01
8.165157905999999244e+00 3.163900000000000046e-01
8.205983696000000549e+00 4.673900000000000277e-01
8.247013614000000103e+00 3.296100000000000141e-01
8.288248682000000755e+00 7.321699999999999875e-01
8.329689926000000355e+00 6.724200000000000177e-01
8.371338375000000553e+00 6.721700000000000452e-01
8.413195067000000194e+00 5.033600000000000296e-01
8.455261042000000060e+00 7.053000000000000380e-01
8.497537347999999824e+00 5.552000000000000268e-01
8.540025033999999238e+00 6.553400000000000336e-01
8.582725160000000741e+00 5.826900000000000412e-01
8.625638784999999586e+00 8.141199999999999548e-01
8.668766979000000816e+00 6.310799999999999743e-01
8.712110814000000758e+00 7.319099999999999495e-01
8.755671367999999788e+00 8.282800000000000162e-01
8.799449725000000555e+00 5.761399999999999855e-01
8.843446974000000793e+00 8.442899999999999849e-01
8.887664209000000426e+00 8.398299999999999654e-01
8.932102529999999874e+00 6.786699999999999955e-01
8.976763041999999970e+00 7.742999999999999883e-01
9.021646857000000352e+00 7.290600000000000414e-01
9.066755091999999294e+00 7.474699999999999678e-01
9.112088867000000647e+00 8.549299999999999677e-01
9.157649312000000208e+00 7.912299999999999889e-01
9.203437557999999186e+00 7.927499999999999547e-01
9.249454745999999616e+00 7.827399999999999913e-01
9.295702020000000232e+00 7.027099999999999458e-01
9.342180530000000260e+00 7.260299999999999532e-01
9.388891431999999426e+00 4.376900000000000235e-01
9.435835889999999893e+00 1.965300000000000102e-01
9.483015069000000352e+00 1.127400000000000069e-01
9.530430144000000325e+00 1.681300000000000017e-01
9.578082294999999746e+00 5.604599999999999582e-01
9.625972707000000739e+00 1.267099999999999893e-01
9.674102570000000512e+00 2.323399999999999910e-01
9.722473083000000571e+00 2.513400000000000079e-01
9.771085447999999118e+00 2.503400000000000070e-01
9.819940876000000429e+00 3.134700000000000264e-01
9.869040580000000062e+00 4.049599999999999866e-01
9.918385782999999734e+00 5.155999999999999472e-01
9.967977711999999713e+00 6.203400000000000025e-01
1.001781760000000077e+01 7.049800000000000511e-01
1.006790668999999916e+01 7.810300000000000020e-01
1.011824621999999962e+01 8.183700000000000419e-01
1.016883744999999983e+01 8.167600000000000415e-01
1.021968163999999923e+01 7.717800000000000216e-01
1.027078005000000083e+01 7.478299999999999947e-01
1.032213394999999956e+01 7.933400000000000452e-01
1.037374462000000008e+01 8.498200000000000198e-01
1.042561333999999995e+01 8.379199999999999982e-01
1.047774141000000014e+01 7.594199999999999839e-01
1.053013012000000082e+01 7.641099999999999559e-01
1.058278076999999939e+01 8.033200000000000340e-01
1.063569466999999946e+01 8.145499999999999963e-01
1.068887314000000011e+01 8.332100000000000062e-01
1.074231750999999946e+01 8.328200000000000047e-01
1.079602910000000016e+01 7.739599999999999813e-01
1.085000924000000033e+01 7.746399999999999952e-01
1.090425929000000060e+01 8.251100000000000101e-01
1.095878058000000088e+01 8.113599999999999701e-01
1.101357448999999988e+01 6.918600000000000305e-01
1.106864236000000012e+01 8.277299999999999658e-01
1.112398557000000032e+01 8.255900000000000460e-01
1.117960549999999920e+01 8.286900000000000377e-01
1.123550353000000079e+01 7.437799999999999967e-01
1.129168104000000028e+01 6.966799999999999660e-01
1.134813944999999968e+01 7.849000000000000421e-01
1.140488015000000033e+01 7.672700000000000076e-01
1.146190454999999986e+01 7.106700000000000239e-01
1.151921407000000031e+01 7.627500000000000391e-01
1.157681013999999919e+01 7.760200000000000431e-01
1.163469418999999938e+01 7.895799999999999486e-01
1.169286765999999922e+01 6.255199999999999649e-01
1.175133199999999967e+01 5.755700000000000260e-01
1.181008865999999990e+01 7.791700000000000292e-01
1.186913909999999994e+01 6.912199999999999456e-01
1.192848479999999967e+01 7.719200000000000506e-01
1.198812722000000086e+01 7.714299999999999491e-01
1.204806785999999974e+01 7.542499999999999760e-01
1.210830819999999974e+01 6.546199999999999797e-01
1.216884974000000064e+01 7.564499999999999558e-01
1.222969398999999946e+01 7.399000000000000021e-01
1.229084246000000036e+01 5.748799999999999466e-01
1.235229666999999942e+01 6.275100000000000122e-01
1.241405815000000068e+01 5.984500000000000375e-01
1.247612844999999915e+01 5.048200000000000465e-01
1.253850908999999980e+01 2.514500000000000068e-01
1.260120163000000026e+01 3.978900000000000214e-01
1.266420764000000077e+01 6.733400000000000496e-01
1.272752868000000070e+01 5.126199999999999646e-01
1.279116632000000031e+01 6.323499999999999677e-01
1.285512214999999969e+01 3.962600000000000011e-01
1.291939776000000073e+01 5.848100000000000520e-01
1.298399475000000081e+01 4.771900000000000031e-01
1.304891472999999991e+01 5.232700000000000129e-01
1.311415930000000074e+01 4.764599999999999946e-01
1.317973010000000045e+01 3.683000000000000163e-01
1.324562874999999984e+01 1.720700000000000007e-01
1.331185688999999961e+01 1.805599999999999983e-01
1.337841618000000032e+01 1.094399999999999956e-01
1.344530825999999912e+01 6.038000000000000311e-02
1.351253479999999918e+01 9.299999999999999239e-03
1.358009747000000011e+01 1.915999999999999995e-02
1.364799795999999965e+01 1.807999999999999885e-02
1.371623795000000001e+01 1.709000000000000102e-02
1.378481913999999975e+01 2.717999999999999930e-02
1.385374322999999919e+01 4.610000000000000382e-03
1.392301194999999936e+01 7.200000000000000453e-04
1.399262700999999964e+01 1.940000000000000101e-03
1.406259015000000012e+01 2.400000000000000061e-04
1.413290310000000005e+01 1.000000000000000082e-05
1.420356761000000034e+01 0.000000000000000000e+00
1.427458545000000001e+01 0.000000000000000000e+00
1.434595838000000079e+01 0.000000000000000000e+00
1.441768816999999991e+01 0.000000000000000000e+00
1.448977660999999983e+01 0.000000000000000000e+00
1.456222548999999944e+01 0.000000000000000000e+00
1.463503661999999927e+01 0.000000000000000000e+00
1.470821180000000084e+01 0.000000000000000000e+00
1.478175285999999922e+01 0.000000000000000000e+00
1.485566163000000017e+01 0.000000000000000000e+00
1.492993994000000058e+01 0.000000000000000000e+00
1.500458964000000073e+01 0.000000000000000000e+00
1.507961257999999916e+01 0.000000000000000000e+00
1.515501064999999947e+01 0.000000000000000000e+00
1.523078570000000020e+01 0.000000000000000000e+00
1.530693963000000046e+01 0.000000000000000000e+00
1.538347433000000031e+01 0.000000000000000000e+00
1.546039170000000063e+01 0.000000000000000000e+00
1.553769366000000041e+01 0.000000000000000000e+00
1.561538211999999959e+01 0.000000000000000000e+00
1.569345902999999964e+01 0.000000000000000000e+00
1.577192632999999944e+01 0.000000000000000000e+00
1.585078595999999962e+01 0.000000000000000000e+00
1.593003988999999976e+01 1.000000000000000082e-05
1.600969008999999943e+01 1.100000000000000039e-04
1.608973853999999903e+01 1.639999999999999965e-03
1.617018722999999980e+01 2.000000000000000164e-05
1.625103817000000106e+01 3.299999999999999982e-04
1.633229336000000131e+01 2.560000000000000209e-03
1.641395483000000155e+01 4.769999999999999934e-03
1.649602459999999837e+01 8.170000000000000179e-03
1.657850472999999880e+01 5.689999999999999745e-03
1.666139725000000027e+01 2.949999999999999931e-03
1.674470424000000079e+01 2.769999999999999893e-03
1.682842776000000029e+01 1.010000000000000047e-03
1.691256990000000116e+01 2.350000000000000092e-03
1.699713274000000141e+01 2.137999999999999970e-02
