1.000000000000000000e+00 1.827300000000000035e-01
1.002000000000000002e+00 1.851200000000000068e-01
1.004003999999999897e+00 1.828500000000000125e-01
1.006012007999999902e+00 1.151500000000000024e-01
1.008024032000000014e+00 3.817999999999999866e-02
1.010040080000000007e+00 2.094000000000000028e-02
1.012060160000000097e+00 3.041999999999999912e-02
1.014084280999999921e+00 1.147299999999999986e-01
1.016112448999999973e+00 1.938699999999999868e-01
1.018144673999999972e+00 2.050800000000000123e-01
1.020180963000000052e+00 2.078000000000000125e-01
1.022221325000000069e+00 2.104000000000000037e-01
1.024265768000000021e+00 2.129900000000000126e-01
1.026314299000000041e+00 2.155799999999999939e-01
1.028366928000000069e+00 2.181200000000000083e-01
1.030423662000000018e+00 2.206599999999999950e-01
1.032484509000000106e+00 2.227000000000000091e-01
1.034549477999999967e+00 1.349899999999999989e-01
1.036618577000000041e+00 2.591999999999999860e-02
1.038691814000000102e+00 0.000000000000000000e+00
1.040769198000000006e+00 0.000000000000000000e+00
1.042850735999999889e+00 0.000000000000000000e+00
1.044936437999999912e+00 1.770000000000000089e-03
1.047026310999999987e+00 8.959999999999999909e-02
1.049120362999999889e+00 1.271700000000000053e-01
1.051218604000000001e+00 4.281000000000000083e-02
1.053321041000000013e+00 8.000000000000000654e-05
1.055427683000000005e+00 4.680000000000000132e-03
1.057538539000000055e+00 9.299999999999999933e-02
1.059653616000000076e+00 2.105899999999999994e-01
1.061772922999999924e+00 2.521599999999999953e-01
1.063896468999999900e+00 2.573599999999999777e-01
1.066024262000000000e+00 2.595500000000000029e-01
1.068156309999999998e+00 2.614400000000000057e-01
1.070292623000000054e+00 2.630700000000000260e-01
1.072433208000000082e+00 2.644199999999999884e-01
1.074578075000000021e+00 2.652900000000000258e-01
1.076727231000000007e+00 2.250600000000000100e-01
1.078880684999999895e+00 9.171999999999999598e-02
1.081038447000000069e+00 1.830000000000000029e-03
1.083200523999999998e+00 6.000000000000000152e-05
1.085366924999999982e+00 3.984000000000000041e-02
1.087537658000000018e+00 1.263900000000000023e-01
1.089712733999999905e+00 1.126500000000000001e-01
1.091892158999999918e+00 1.593999999999999861e-01
1.094075944000000078e+00 1.738999999999999990e-01
1.096264094999999994e+00 1.554200000000000026e-01
1.098456623999999993e+00 2.321100000000000108e-01
1.100653536999999904e+00 2.582900000000000196e-01
1.102854843999999890e+00 2.565500000000000003e-01
1.105060554000000028e+00 2.532400000000000206e-01
1.107270675000000093e+00 2.487399999999999889e-01
1.109485215999999941e+00 2.395100000000000007e-01
1.111704186999999955e+00 2.281700000000000117e-01
1.113927595000000048e+00 2.224299999999999888e-01
1.116155449999999938e+00 2.157600000000000073e-01
1.118387760999999925e+00 1.970099999999999907e-01
1.120624537000000087e+00 1.746000000000000052e-01
1.122865785999999977e+00 1.601700000000000068e-01
1.125111516999999894e+00 1.592699999999999949e-01
1.127361740000000001e+00 1.575300000000000034e-01
1.129616463999999931e+00 9.647999999999999632e-02
1.131875696999999903e+00 2.154999999999999971e-02
1.134139447999999994e+00 1.200000000000000030e-04
1.136407726999999923e+00 2.579999999999999828e-03
1.138680541999999907e+00 6.555999999999999328e-02
1.140957903000000107e+00 1.653799999999999992e-01
1.143239818999999935e+00 2.052100000000000035e-01
1.145526298999999915e+00 1.993800000000000017e-01
1.147817351000000041e+00 1.879599999999999882e-01
1.150112985999999893e+00 1.752199999999999869e-01
1.152413211999999909e+00 1.631799999999999917e-01
1.154718039000000029e+00 1.540600000000000025e-01
1.157027475000000027e+00 1.501200000000000034e-01
1.159341530000000065e+00 1.052700000000000025e-01
1.161660212999999997e+00 3.090999999999999998e-02
1.163983532999999904e+00 0.000000000000000000e+00
1.166311499999999945e+00 0.000000000000000000e+00
1.168644122999999979e+00 0.000000000000000000e+00
1.170981411000000083e+00 1.000000000000000082e-05
1.173323373999999975e+00 3.830999999999999683e-02
1.175670020999999954e+00 9.851999999999999647e-02
1.178021361000000100e+00 1.895000000000000018e-01
1.180377403999999908e+00 2.531399999999999761e-01
1.182738158999999900e+00 2.514700000000000268e-01
1.185103634999999933e+00 2.458500000000000130e-01
1.187473841999999946e+00 2.412400000000000100e-01
1.189848790000000101e+00 2.326300000000000034e-01
1.192228486999999948e+00 2.314900000000000013e-01
1.194612943999999954e+00 2.360299999999999898e-01
1.197002169999999976e+00 2.361699999999999910e-01
1.199396174999999953e+00 2.378899999999999904e-01
1.201794967000000103e+00 2.438899999999999957e-01
1.204198557000000003e+00 2.554500000000000104e-01
1.206606953999999954e+00 2.721199999999999730e-01
1.209020167999999895e+00 2.920800000000000063e-01
1.211438207999999905e+00 3.123500000000000165e-01
1.213861085000000006e+00 3.298499999999999766e-01
1.216288806999999972e+00 3.430400000000000116e-01
1.218721383999999963e+00 3.513100000000000112e-01
1.221158827000000002e+00 3.544599999999999973e-01
1.223601144999999946e+00 3.349400000000000155e-01
1.226048347000000094e+00 1.866099999999999981e-01
1.228500444000000025e+00 5.233000000000000151e-02
1.230957445000000039e+00 6.482999999999999874e-02
1.233419360000000076e+00 9.667000000000000592e-02
1.235886197999999991e+00 1.942099999999999937e-01
1.238357970999999891e+00 3.057199999999999918e-01
1.240834686999999992e+00 3.403399999999999759e-01
1.243316356000000011e+00 3.606199999999999961e-01
1.245802988999999972e+00 3.839600000000000235e-01
1.248294594999999951e+00 4.054699999999999971e-01
1.250791183999999889e+00 4.246699999999999919e-01
1.253292765999999947e+00 4.412499999999999756e-01
1.255799351999999924e+00 4.553300000000000125e-01
1.258310950999999900e+00 4.675000000000000266e-01
1.260827571999999952e+00 4.780300000000000105e-01
1.263349228000000046e+00 4.852500000000000147e-01
1.265875926000000096e+00 4.590400000000000036e-01
1.268407677999999983e+00 2.778100000000000014e-01
1.270944493000000008e+00 6.501999999999999447e-02
1.273486381999999972e+00 0.000000000000000000e+00
1.276033355000000036e+00 0.000000000000000000e+00
1.278585421999999916e+00 2.000000000000000164e-05
1.281142592999999996e+00 7.535999999999999643e-02
1.283704877999999994e+00 3.203699999999999881e-01
1.286272287000000070e+00 5.018299999999999983e-01
1.288844832000000107e+00 5.231599999999999584e-01
1.291422521999999962e+00 5.271500000000000075e-01
1.294005367000000017e+00 5.306499999999999551e-01
1.296593376999999991e+00 5.345999999999999641e-01
1.299186563999999988e+00 5.390300000000000091e-01
1.301784937000000086e+00 5.434099999999999486e-01
1.304388507000000086e+00 5.463400000000000478e-01
1.306997283999999926e+00 5.479300000000000281e-01
1.309611279000000073e+00 5.436999999999999611e-01
1.312230500999999938e+00 5.219599999999999795e-01
1.314854962000000071e+00 5.125100000000000211e-01
1.317484671999999968e+00 5.209099999999999842e-01
1.320119642000000093e+00 4.581799999999999762e-01
1.322759881000000082e+00 3.942899999999999738e-01
1.325405401000000039e+00 3.733899999999999997e-01
1.328056211999999903e+00 3.417799999999999727e-01
1.330712324000000057e+00 3.694500000000000006e-01
1.333373748999999941e+00 3.463800000000000212e-01
1.336040496000000077e+00 2.672800000000000176e-01
1.338712576999999904e+00 1.181299999999999989e-01
1.341390002000000026e+00 5.199999999999999544e-04
1.344072782000000021e+00 0.000000000000000000e+00
1.346760927999999913e+00 0.000000000000000000e+00
1.349454450000000083e+00 3.099999999999999891e-03
1.352153359000000110e+00 4.091000000000000192e-02
1.354857664999999933e+00 4.435000000000000053e-02
1.357567380999999962e+00 6.364000000000000212e-02
1.360282514999999970e+00 8.912000000000000477e-02
1.363003079999999922e+00 8.357000000000000539e-02
1.365729087000000064e+00 1.065399999999999958e-01
1.368460545000000028e+00 1.524399999999999922e-01
1.371197465999999920e+00 2.416099999999999914e-01
1.373939860999999985e+00 2.628900000000000126e-01
1.376687739999999938e+00 2.245800000000000018e-01
1.379441115999999967e+00 2.097499999999999920e-01
1.382199997999999930e+00 1.441800000000000026e-01
1.384964397999999930e+00 4.320999999999999841e-02
1.387734326999999990e+00 0.000000000000000000e+00
1.390509795999999909e+00 0.000000000000000000e+00
1.393290815000000071e+00 0.000000000000000000e+00
1.396077396999999998e+00 0.000000000000000000e+00
1.398869552000000072e+00 0.000000000000000000e+00
1.401667291000000093e+00 2.675999999999999907e-02
1.404470625000000084e+00 5.852000000000000257e-02
1.407279567000000009e+00 8.684000000000000052e-02
1.410094125999999948e+00 1.056399999999999978e-01
1.412914314000000005e+00 1.117100000000000037e-01
1.415740143000000062e+00 2.020800000000000096e-01
1.418571623000000059e+00 2.987199999999999855e-01
1.421408766000000101e+00 3.728299999999999947e-01
1.424251584000000070e+00 4.204800000000000204e-01
1.427100086999999906e+00 4.217299999999999938e-01
1.429954286999999935e+00 4.436800000000000188e-01
1.432814196000000040e+00 4.336900000000000199e-01
1.435679823999999938e+00 2.792399999999999882e-01
1.438551184000000038e+00 3.241399999999999837e-01
1.441428286000000059e+00 4.737899999999999889e-01
1.444311142999999964e+00 3.488399999999999834e-01
1.447199764999999916e+00 3.372700000000000142e-01
1.450094164000000019e+00 4.422400000000000220e-01
1.452994353000000016e+00 4.657499999999999973e-01
1.455900340999999987e+00 4.788000000000000034e-01
1.458812141999999978e+00 4.861800000000000010e-01
1.461729765999999930e+00 5.198500000000000343e-01
1.464653226000000030e+00 5.641599999999999948e-01
1.467582531999999995e+00 5.604200000000000292e-01
1.470517697000000013e+00 3.183900000000000063e-01
1.473458732999999965e+00 5.494000000000000272e-02
1.476405650000000014e+00 0.000000000000000000e+00
1.479358461999999985e+00 0.000000000000000000e+00
1.482317177999999958e+00 0.000000000000000000e+00
1.485281813000000062e+00 0.000000000000000000e+00
1.488252375999999932e+00 1.000000000000000082e-05
1.491228881000000062e+00 6.822999999999999898e-02
1.494211339000000027e+00 3.934500000000000219e-01
1.497199761999999934e+00 6.563499999999999890e-01
1.500194161000000026e+00 6.830600000000000005e-01
1.503194549999999907e+00 6.855999999999999872e-01
1.506200938999999961e+00 6.783700000000000285e-01
1.509213340000000070e+00 6.812599999999999767e-01
1.512231767000000060e+00 6.945900000000000407e-01
1.515256230999999953e+00 6.978299999999999503e-01
1.518286742999999994e+00 6.996900000000000341e-01
1.521323317000000008e+00 4.388199999999999878e-01
1.524365962999999935e+00 9.410999999999999921e-02
1.527414695000000044e+00 0.000000000000000000e+00
1.530469524999999997e+00 0.000000000000000000e+00
1.533530464000000038e+00 0.000000000000000000e+00
1.536597524999999909e+00 0.000000000000000000e+00
1.539670719999999937e+00 0.000000000000000000e+00
1.542750061000000006e+00 0.000000000000000000e+00
1.545835561000000080e+00 0.000000000000000000e+00
1.548927232000000043e+00 5.000000000000000240e-05
1.552025087000000081e+00 1.810499999999999887e-01
1.555129136999999995e+00 5.335800000000000542e-01
1.558239394999999972e+00 7.111199999999999743e-01
1.561355873999999977e+00 7.215799999999999992e-01
1.564478585999999893e+00 7.280200000000000005e-01
1.567607543000000048e+00 7.307399999999999451e-01
1.570742757999999961e+00 7.314199999999999591e-01
1.573884244000000043e+00 7.317000000000000171e-01
1.577032012000000094e+00 7.367599999999999705e-01
1.580186075999999940e+00 7.406800000000000050e-01
1.583346447999999906e+00 7.420999999999999819e-01
1.586513140999999960e+00 7.279200000000000115e-01
1.589686166999999983e+00 6.161299999999999555e-01
1.592865540000000024e+00 3.842599999999999905e-01
1.596051271000000105e+00 1.289800000000000113e-01
1.599243372999999968e+00 7.689999999999999787e-03
1.602441860000000107e+00 3.499999999999999964e-04
1.605646743999999959e+00 0.000000000000000000e+00
1.608858037000000074e+00 0.000000000000000000e+00
1.612075753000000056e+00 0.000000000000000000e+00
1.615299905000000091e+00 2.840000000000000076e-03
1.618530505000000064e+00 1.633799999999999975e-01
1.621767565999999938e+00 4.979700000000000237e-01
1.625011100999999902e+00 7.006900000000000350e-01
1.628261122999999921e+00 7.069699999999999873e-01
1.631517644999999961e+00 5.940199999999999925e-01
1.634780681000000069e+00 2.570399999999999907e-01
1.638050242000000045e+00 1.358000000000000006e-02
1.641326341999999938e+00 0.000000000000000000e+00
1.644608995000000018e+00 0.000000000000000000e+00
1.647898212999999945e+00 0.000000000000000000e+00
1.651194008999999907e+00 0.000000000000000000e+00
1.654496398000000035e+00 1.000000000000000082e-05
1.657805390000000045e+00 2.872999999999999859e-02
1.661121000999999930e+00 1.224399999999999933e-01
1.664443243000000017e+00 1.525199999999999889e-01
1.667772129999999908e+00 1.218100000000000016e-01
1.671107673999999932e+00 2.096399999999999930e-01
1.674449888999999914e+00 3.103899999999999992e-01
1.677798788999999902e+00 3.466099999999999737e-01
1.681154387000000083e+00 3.925299999999999900e-01
1.684516694999999897e+00 4.903199999999999781e-01
1.687885729000000001e+00 5.262200000000000211e-01
1.691261499999999973e+00 4.536299999999999777e-01
1.694644022999999944e+00 3.444200000000000039e-01
1.698033311000000101e+00 2.373300000000000132e-01
1.701429378000000048e+00 1.840299999999999991e-01
1.704832236999999973e+00 1.347899999999999932e-01
1.708241901000000063e+00 5.933999999999999692e-02
1.711658385000000004e+00 1.362000000000000016e-02
1.715081701999999986e+00 1.363999999999999935e-02
1.718511864999999972e+00 3.561000000000000276e-02
1.721948889000000094e+00 3.300999999999999768e-02
1.725392787000000094e+00 1.569999999999999868e-02
1.728843571999999940e+00 3.744000000000000106e-02
1.732301258999999982e+00 1.302000000000000102e-01
1.735765862000000048e+00 2.870199999999999974e-01
1.739237394000000103e+00 4.171599999999999753e-01
1.742715867999999890e+00 4.660900000000000043e-01
1.746201300000000067e+00 4.810099999999999931e-01
1.749693702999999934e+00 4.244100000000000095e-01
1.753193089999999899e+00 3.969900000000000095e-01
1.756699476000000093e+00 3.307200000000000140e-01
1.760212874999999899e+00 2.772299999999999764e-01
1.763733301000000031e+00 2.728599999999999914e-01
1.767260768000000093e+00 2.091200000000000003e-01
1.770795289000000050e+00 1.504800000000000026e-01
1.774336879999999894e+00 8.938999999999999724e-02
1.777885552999999952e+00 4.279999999999999777e-02
1.781441325000000075e+00 3.799000000000000293e-02
1.785004207000000065e+00 2.401000000000000009e-02
1.788574215999999995e+00 1.869999999999999917e-03
1.792151363999999969e+00 0.000000000000000000e+00
1.795735666999999980e+00 0.000000000000000000e+00
1.799327137999999993e+00 0.000000000000000000e+00
1.802925791999999916e+00 0.000000000000000000e+00
1.806531644000000103e+00 0.000000000000000000e+00
1.810144707000000075e+00 3.072000000000000078e-02
1.813764997000000045e+00 7.613999999999999935e-02
1.817392526999999980e+00 5.430999999999999717e-02
1.821027312000000009e+00 1.273600000000000010e-01
1.824669365999999959e+00 3.128900000000000015e-01
1.828318705000000044e+00 3.877300000000000191e-01
1.831975342000000007e+00 3.553999999999999937e-01
1.835639293000000061e+00 2.356499999999999984e-01
1.839310572000000032e+00 7.131999999999999451e-02
1.842989192999999970e+00 0.000000000000000000e+00
1.846675171000000004e+00 0.000000000000000000e+00
1.850368521999999905e+00 0.000000000000000000e+00
1.854069259000000081e+00 0.000000000000000000e+00
1.857777396999999997e+00 0.000000000000000000e+00
1.861492952000000090e+00 0.000000000000000000e+00
1.865215937999999962e+00 0.000000000000000000e+00
1.868946369999999968e+00 0.000000000000000000e+00
1.872684261999999933e+00 0.000000000000000000e+00
1.876429630999999931e+00 3.699999999999999947e-04
1.880182489999999929e+00 3.248999999999999805e-02
1.883942854999999916e+00 9.908999999999999753e-02
1.887710741000000025e+00 1.339299999999999935e-01
1.891486162000000082e+00 1.293700000000000128e-01
1.895269134999999938e+00 1.189500000000000002e-01
1.899059673000000004e+00 1.067599999999999938e-01
1.902857792000000048e+00 9.533999999999999420e-02
1.906663508000000062e+00 8.511000000000000509e-02
1.910476835000000095e+00 7.334000000000000241e-02
1.914297788999999916e+00 6.049000000000000210e-02
1.918126384000000018e+00 5.054999999999999771e-02
1.921962637000000029e+00 4.490000000000000241e-02
1.925806562000000000e+00 3.613000000000000239e-02
1.929658174999999920e+00 2.920000000000000026e-02
1.933517492000000004e+00 2.738000000000000156e-02
1.937384527000000078e+00 2.475000000000000117e-02
1.941259295999999912e+00 2.126000000000000112e-02
1.945141814000000080e+00 1.697999999999999857e-02
1.949032097999999991e+00 1.342999999999999923e-02
1.952930161999999914e+00 1.169000000000000074e-02
1.956836022000000064e+00 9.709999999999999881e-03
1.960749695000000070e+00 7.709999999999999840e-03
1.964671193999999899e+00 6.300000000000000044e-03
1.968600536000000067e+00 4.830000000000000092e-03
1.972537736999999902e+00 3.700000000000000164e-03
1.976482813000000061e+00 2.809999999999999998e-03
1.980435777999999925e+00 2.089999999999999844e-03
1.984396650000000095e+00 1.490000000000000005e-03
1.988365442999999955e+00 1.030000000000000100e-03
1.992342174000000021e+00 6.899999999999999667e-04
1.996326859000000065e+00 4.499999999999999877e-04
2.000319511999999911e+00 2.900000000000000017e-04
2.004320150999999939e+00 1.800000000000000113e-04
2.008328791999999918e+00 1.100000000000000039e-04
2.012345449000000119e+00 6.999999999999999387e-05
2.016370139999999811e+00 4.000000000000000327e-05
2.020402879999999790e+00 2.000000000000000164e-05
2.024443686000000131e+00 1.000000000000000082e-05
2.028492573999999937e+00 1.000000000000000082e-05
2.032549559000000006e+00 0.000000000000000000e+00
2.036614657999999967e+00 0.000000000000000000e+00
2.040687886999999812e+00 0.000000000000000000e+00
2.044769263000000059e+00 0.000000000000000000e+00
2.048858801000000174e+00 0.000000000000000000e+00
2.052956518999999869e+00 0.000000000000000000e+00
2.057062431999999941e+00 0.000000000000000000e+00
2.061176557000000020e+00 0.000000000000000000e+00
2.065298910000000099e+00 0.000000000000000000e+00
2.069429507999999807e+00 0.000000000000000000e+00
2.073568367000000023e+00 0.000000000000000000e+00
2.077715503999999935e+00 0.000000000000000000e+00
2.081870934999999978e+00 0.000000000000000000e+00
2.086034676000000143e+00 0.000000000000000000e+00
2.090206745999999782e+00 0.000000000000000000e+00
2.094387159000000054e+00 0.000000000000000000e+00
2.098575933999999865e+00 0.000000000000000000e+00
2.102773084999999931e+00 0.000000000000000000e+00
2.106978632000000129e+00 0.000000000000000000e+00
2.111192588999999842e+00 0.000000000000000000e+00
2.115414974000000115e+00 0.000000000000000000e+00
2.119645804000000133e+00 0.000000000000000000e+00
2.123885095999999972e+00 0.000000000000000000e+00
2.128132866000000067e+00 0.000000000000000000e+00
2.132389132000000131e+00 0.000000000000000000e+00
2.136653910000000156e+00 0.000000000000000000e+00
2.140927217999999854e+00 0.000000000000000000e+00
2.145209072000000106e+00 0.000000000000000000e+00
2.149499490000000179e+00 0.000000000000000000e+00
2.153798489000000149e+00 0.000000000000000000e+00
2.158106086000000090e+00 0.000000000000000000e+00
2.162422298000000076e+00 0.000000000000000000e+00
2.166747142999999820e+00 0.000000000000000000e+00
2.171080637000000202e+00 0.000000000000000000e+00
2.175422799000000129e+00 0.000000000000000000e+00
2.179773643999999955e+00 0.000000000000000000e+00
2.184133190999999918e+00 0.000000000000000000e+00
2.188501458000000177e+00 0.000000000000000000e+00
2.192878460999999835e+00 0.000000000000000000e+00
2.197264217999999936e+00 0.000000000000000000e+00
2.201658746000000111e+00 0.000000000000000000e+00
2.206062064000000156e+00 0.000000000000000000e+00
2.210474188000000062e+00 0.000000000000000000e+00
2.214895135999999987e+00 0.000000000000000000e+00
2.219324926000000087e+00 0.000000000000000000e+00
2.223763576000000075e+00 0.000000000000000000e+00
2.228211103000000026e+00 0.000000000000000000e+00
2.232667526000000180e+00 0.000000000000000000e+00
2.237132861000000084e+00 0.000000000000000000e+00
2.241607125999999894e+00 0.000000000000000000e+00
2.246090340999999935e+00 0.000000000000000000e+00
2.250582521000000114e+00 0.000000000000000000e+00
2.255083685999999865e+00 0.000000000000000000e+00
2.259593853999999791e+00 0.000000000000000000e+00
2.264113040999999882e+00 0.000000000000000000e+00
2.268641267000000017e+00 0.000000000000000000e+00
2.273178549999999909e+00 0.000000000000000000e+00
2.277724907000000076e+00 0.000000000000000000e+00
2.282280356999999871e+00 0.000000000000000000e+00
2.286844917999999893e+00 0.000000000000000000e+00
2.291418607000000218e+00 0.000000000000000000e+00
2.296001444999999919e+00 0.000000000000000000e+00
2.300593447999999874e+00 0.000000000000000000e+00
2.305194633999999798e+00 0.000000000000000000e+00
2.309805024000000095e+00 0.000000000000000000e+00
2.314424633999999870e+00 0.000000000000000000e+00
2.319053482999999805e+00 0.000000000000000000e+00
2.323691590000000140e+00 0.000000000000000000e+00
2.328338973000000145e+00 0.000000000000000000e+00
2.332995651000000059e+00 0.000000000000000000e+00
2.337661642000000040e+00 0.000000000000000000e+00
2.342336965999999965e+00 0.000000000000000000e+00
2.347021639999999909e+00 0.000000000000000000e+00
2.351715683000000112e+00 0.000000000000000000e+00
2.356419113999999926e+00 0.000000000000000000e+00
2.361131953000000117e+00 0.000000000000000000e+00
2.365854215999999788e+00 0.000000000000000000e+00
2.370585924999999872e+00 0.000000000000000000e+00
2.375327096999999998e+00 0.000000000000000000e+00
2.380077750999999964e+00 0.000000000000000000e+00
2.384837906000000007e+00 0.000000000000000000e+00
2.389607582000000008e+00 -0.000000000000000000e+00
2.394386797000000122e+00 0.000000000000000000e+00
2.399175570999999785e+00 0.000000000000000000e+00
2.403973922000000041e+00 0.000000000000000000e+00
2.408781869999999881e+00 0.000000000000000000e+00
2.413599433999999988e+00 0.000000000000000000e+00
2.418426633000000159e+00 0.000000000000000000e+00
2.423263486000000189e+00 0.000000000000000000e+00
2.428110012999999956e+00 0.000000000000000000e+00
2.432966233000000145e+00 0.000000000000000000e+00
2.437832165000000106e+00 0.000000000000000000e+00
2.442707829999999802e+00 0.000000000000000000e+00
2.447593245000000195e+00 0.000000000000000000e+00
2.452488431999999996e+00 0.000000000000000000e+00
2.457393408999999806e+00 0.000000000000000000e+00
2.462308194999999866e+00 0.000000000000000000e+00
2.467232812000000219e+00 0.000000000000000000e+00
2.472167277000000052e+00 0.000000000000000000e+00
2.477111611999999852e+00 0.000000000000000000e+00
2.482065835000000220e+00 0.000000000000000000e+00
2.487029966999999786e+00 0.000000000000000000e+00
2.492004027000000121e+00 0.000000000000000000e+00
2.496988035000000217e+00 0.000000000000000000e+00
2.501982010999999950e+00 0.000000000000000000e+00
2.506985975000000089e+00 0.000000000000000000e+00
2.511999947000000066e+00 0.000000000000000000e+00
2.517023947000000206e+00 0.000000000000000000e+00
2.522057994999999941e+00 0.000000000000000000e+00
2.527102111000000040e+00 0.000000000000000000e+00
2.532156314999999935e+00 0.000000000000000000e+00
2.537220628000000033e+00 1.100000000000000039e-04
2.542295069000000129e+00 3.289999999999999956e-03
2.547379659000000185e+00 8.640000000000000110e-03
2.552474418000000078e+00 1.089999999999999997e-02
2.557579367000000214e+00 1.243000000000000008e-02
2.562694526000000028e+00 1.910999999999999852e-02
2.567819914999999842e+00 1.881999999999999992e-02
2.572955555000000061e+00 1.140000000000000041e-02
2.578101466000000119e+00 7.159999999999999698e-03
2.583257668999999979e+00 8.659999999999999296e-03
2.588424183999999961e+00 9.679999999999999369e-03
2.593601033000000111e+00 1.518000000000000078e-02
2.598788234999999780e+00 3.266999999999999765e-02
2.603985810999999817e+00 3.502000000000000252e-02
2.609193782999999822e+00 5.163000000000000228e-02
2.614412170000000035e+00 8.064999999999999947e-02
2.619640995000000139e+00 1.045200000000000018e-01
2.624880276999999928e+00 1.329299999999999926e-01
2.630130036999999810e+00 1.536500000000000088e-01
2.635390296999999826e+00 1.718399999999999928e-01
2.640661077999999939e+00 1.931900000000000006e-01
2.645942400000000028e+00 2.171800000000000119e-01
2.651234285000000135e+00 2.446599999999999886e-01
2.656536753000000139e+00 2.730199999999999849e-01
2.661849827000000168e+00 3.029299999999999771e-01
2.667173526000000017e+00 3.344799999999999995e-01
2.672507873999999894e+00 3.641099999999999892e-01
2.677852888999999958e+00 3.921499999999999986e-01
2.683208594999999974e+00 4.197699999999999765e-01
2.688575011999999820e+00 4.452900000000000191e-01
2.693952161999999984e+00 4.605400000000000049e-01
2.699340067000000065e+00 4.824100000000000055e-01
2.704738746999999943e+00 5.084199999999999831e-01
2.710148224000000106e+00 5.235800000000000454e-01
2.715568520999999791e+00 5.356499999999999595e-01
2.720999658000000210e+00 5.454299999999999704e-01
2.726441657000000074e+00 5.509199999999999653e-01
2.731894539999999871e+00 5.562500000000000222e-01
2.737358329000000090e+00 5.608300000000000507e-01
2.742833045999999886e+00 5.615599999999999481e-01
2.748318712000000108e+00 5.602800000000000002e-01
2.753815349999999995e+00 5.573299999999999921e-01
2.759322979999999870e+00 5.568800000000000416e-01
2.764841625999999941e+00 5.563000000000000167e-01
2.770371309000000171e+00 5.514900000000000357e-01
2.775912051999999797e+00 5.520500000000000407e-01
2.781463876000000113e+00 5.558999999999999497e-01
2.787026803999999913e+00 5.581700000000000550e-01
2.792600858000000130e+00 5.621599999999999930e-01
2.798186058999999837e+00 5.612000000000000322e-01
2.803782431000000130e+00 5.183499999999999774e-01
2.809389996000000167e+00 3.032500000000000195e-01
2.815008775999999990e+00 6.809999999999999387e-02
2.820638794000000171e+00 1.090000000000000040e-03
2.826280070999999783e+00 0.000000000000000000e+00
2.831932632000000005e+00 0.000000000000000000e+00
2.837596496999999829e+00 0.000000000000000000e+00
2.843271689999999907e+00 0.000000000000000000e+00
2.848958232999999840e+00 0.000000000000000000e+00
2.854656149999999837e+00 0.000000000000000000e+00
2.860365461999999859e+00 0.000000000000000000e+00
2.866086193000000115e+00 0.000000000000000000e+00
2.871818365000000206e+00 0.000000000000000000e+00
2.877562001999999897e+00 2.050599999999999923e-01
2.883317126000000119e+00 6.298500000000000210e-01
2.889083760000000112e+00 8.391899999999999915e-01
2.894861928000000084e+00 8.454199999999999493e-01
2.900651652000000080e+00 8.671999999999999709e-01
2.906452954999999783e+00 8.853600000000000358e-01
2.912265860999999845e+00 8.985300000000000509e-01
2.918090392999999949e+00 9.071500000000000119e-01
2.923926573000000140e+00 9.150300000000000100e-01
2.929774425999999821e+00 9.219399999999999817e-01
2.935633975000000007e+00 9.273200000000000331e-01
2.941505242999999936e+00 9.303700000000000303e-01
2.947388253999999819e+00 9.311399999999999677e-01
2.953283030000000142e+00 8.980599999999999694e-01
2.959189595999999867e+00 5.176500000000000545e-01
2.965107976000000090e+00 9.460999999999999965e-02
2.971038190999999884e+00 0.000000000000000000e+00
2.976980268000000152e+00 0.000000000000000000e+00
2.982934227999999965e+00 0.000000000000000000e+00
2.988900097000000144e+00 0.000000000000000000e+00
2.994877896999999844e+00 0.000000000000000000e+00
3.000867652999999802e+00 0.000000000000000000e+00
3.006869388000000143e+00 0.000000000000000000e+00
3.012883126999999828e+00 0.000000000000000000e+00
3.018908892999999871e+00 0.000000000000000000e+00
3.024946711000000121e+00 0.000000000000000000e+00
3.030996603999999817e+00 0.000000000000000000e+00
3.037058598000000220e+00 0.000000000000000000e+00
3.043132715000000044e+00 0.000000000000000000e+00
3.049218980000000023e+00 0.000000000000000000e+00
3.055317418000000007e+00 0.000000000000000000e+00
3.061428053000000205e+00 0.000000000000000000e+00
3.067550908999999937e+00 0.000000000000000000e+00
3.073686010999999940e+00 0.000000000000000000e+00
3.079833382999999980e+00 0.000000000000000000e+00
3.085993049999999904e+00 0.000000000000000000e+00
3.092165035999999922e+00 1.100000000000000039e-04
3.098349365999999883e+00 8.531999999999999307e-02
3.104546065000000077e+00 4.764700000000000046e-01
3.110755156999999826e+00 8.495899999999999563e-01
3.116976666999999868e+00 9.433099999999999818e-01
3.123210620000000048e+00 9.613399999999999723e-01
3.129457041999999856e+00 9.673699999999999521e-01
3.135715955999999860e+00 9.723100000000000076e-01
3.141987387999999992e+00 9.729600000000000470e-01
3.148271362000000018e+00 9.702100000000000168e-01
3.154567904999999950e+00 9.705399999999999583e-01
3.160877040999999998e+00 9.357499999999999707e-01
3.167198795000000011e+00 9.193400000000000460e-01
3.173533192999999919e+00 8.776599999999999957e-01
3.179880258999999931e+00 8.135400000000000409e-01
3.186240020000000062e+00 7.777899999999999814e-01
3.192612500000000075e+00 6.977999999999999758e-01
3.198997724999999903e+00 7.116299999999999848e-01
3.205395719999999837e+00 5.240599999999999703e-01
3.211806510999999809e+00 4.701500000000000123e-01
3.218230124000000192e+00 3.510400000000000187e-01
3.224666585000000030e+00 2.450299999999999978e-01
3.231115917999999976e+00 2.331499999999999961e-01
3.237578150000000043e+00 6.920999999999999375e-02
3.244053306000000081e+00 1.924000000000000016e-02
3.250541413000000102e+00 8.000000000000000654e-05
3.257042494999999871e+00 1.000000000000000082e-05
3.263556579999999929e+00 0.000000000000000000e+00
3.270083694000000207e+00 0.000000000000000000e+00
3.276623861000000026e+00 0.000000000000000000e+00
3.283177108999999927e+00 0.000000000000000000e+00
3.289743463000000201e+00 0.000000000000000000e+00
3.296322949999999974e+00 0.000000000000000000e+00
3.302915596000000065e+00 0.000000000000000000e+00
3.309521426999999960e+00 0.000000000000000000e+00
3.316140470000000118e+00 0.000000000000000000e+00
3.322772751000000024e+00 0.000000000000000000e+00
3.329418296000000055e+00 0.000000000000000000e+00
3.336077132999999861e+00 0.000000000000000000e+00
3.342749287000000180e+00 0.000000000000000000e+00
3.349434786000000219e+00 0.000000000000000000e+00
3.356133654999999827e+00 0.000000000000000000e+00
3.362845923000000070e+00 0.000000000000000000e+00
3.369571613999999826e+00 0.000000000000000000e+00
3.376310757999999801e+00 1.129999999999999928e-03
3.383063379000000204e+00 1.889999999999999970e-03
3.389829505999999881e+00 3.312999999999999973e-02
3.396609165000000097e+00 6.932000000000000661e-02
3.403402382999999976e+00 1.761800000000000033e-01
3.410209188000000058e+00 1.710299999999999876e-01
3.417029605999999831e+00 1.668699999999999906e-01
3.423863665999999917e+00 2.892199999999999771e-01
3.430711393000000164e+00 1.608600000000000030e-01
3.437572815999999865e+00 5.093999999999999917e-02
3.444447960999999836e+00 1.114099999999999951e-01
3.451336856999999814e+00 6.190999999999999975e-02
3.458239530999999811e+00 5.163000000000000228e-02
3.465156009999999842e+00 7.731999999999999984e-02
3.472086322000000003e+00 3.239000000000000212e-02
3.479030494999999945e+00 4.409999999999999858e-03
3.485988556000000127e+00 7.689999999999999787e-03
3.492960533000000201e+00 7.360000000000000223e-03
3.499946453999999818e+00 9.100000000000000016e-04
3.506946346999999964e+00 3.299999999999999982e-04
3.513960239999999846e+00 5.000000000000000240e-05
3.520988159999999922e+00 2.085000000000000048e-02
3.528030135999999928e+00 6.151000000000000217e-02
3.535086197000000041e+00 3.885000000000000259e-02
3.542156369000000193e+00 9.000000000000000567e-05
3.549240682000000202e+00 2.500000000000000052e-04
3.556339163000000081e+00 1.059999999999999961e-03
3.563451841000000009e+00 7.620000000000000037e-03
3.570578745000000165e+00 1.595999999999999849e-02
3.577719903000000201e+00 2.636000000000000149e-02
3.584875342000000131e+00 2.254000000000000101e-02
3.592045092999999856e+00 1.879000000000000115e-02
3.599229182999999832e+00 1.027399999999999980e-01
3.606427641999999878e+00 2.192999999999999949e-01
3.613640497000000007e+00 1.944299999999999917e-01
3.620867778000000037e+00 2.945200000000000040e-01
3.628109513000000064e+00 3.701800000000000090e-01
3.635365731999999905e+00 4.878799999999999804e-01
3.642636464000000185e+00 6.231600000000000472e-01
3.649921737000000110e+00 5.122299999999999631e-01
3.657221579999999861e+00 6.740899999999999670e-01
3.664536023999999781e+00 7.860300000000000065e-01
3.671865095999999884e+00 6.784000000000000030e-01
3.679208825999999988e+00 7.748599999999999932e-01
3.686567242999999827e+00 7.567000000000000393e-01
3.693940378000000191e+00 5.114300000000000512e-01
3.701328258999999843e+00 6.110299999999999621e-01
3.708730914999999850e+00 7.901299999999999990e-01
3.716148377000000114e+00 4.487400000000000277e-01
3.723580673999999924e+00 4.059499999999999775e-01
3.731027834999999904e+00 6.162499999999999645e-01
3.738489890999999954e+00 3.765499999999999958e-01
3.745966870999999809e+00 2.181599999999999928e-01
3.753458804000000093e+00 3.170899999999999830e-01
3.760965721999999900e+00 3.759000000000000119e-01
3.768487653000000215e+00 2.207300000000000095e-01
3.776024629000000132e+00 8.711000000000000687e-02
3.783576678000000193e+00 1.223700000000000065e-01
3.791143830999999853e+00 1.364100000000000035e-01
3.798726118999999901e+00 8.838999999999999635e-02
3.806323571000000072e+00 6.003000000000000003e-02
3.813936217999999823e+00 1.468299999999999883e-01
3.821564090999999941e+00 1.871200000000000085e-01
3.829207219000000162e+00 1.427200000000000135e-01
3.836865632999999942e+00 1.282699999999999951e-01
3.844539365000000153e+00 8.896999999999999353e-02
3.852228443000000002e+00 1.750500000000000111e-01
3.859932900000000000e+00 4.285300000000000220e-01
3.867652765999999964e+00 3.815899999999999848e-01
3.875388071999999795e+00 1.425500000000000100e-01
3.883138848000000198e+00 2.220399999999999874e-01
3.890905125000000186e+00 4.235599999999999921e-01
3.898686935999999825e+00 4.290900000000000269e-01
3.906484310000000182e+00 3.715700000000000114e-01
3.914297277999999825e+00 3.019999999999999907e-01
3.922125873000000151e+00 4.964000000000000079e-01
3.929970124000000009e+00 5.291400000000000547e-01
3.937830064999999991e+00 5.471500000000000252e-01
3.945705724999999831e+00 6.583599999999999453e-01
3.953597135999999956e+00 6.702700000000000324e-01
3.961504330999999990e+00 7.329499999999999904e-01
3.969427339000000110e+00 8.309199999999999919e-01
3.977366194000000021e+00 8.306799999999999740e-01
3.985320925999999986e+00 7.358400000000000496e-01
3.993291568000000069e+00 8.584800000000000209e-01
4.001278151000000172e+00 9.729499999999999815e-01
4.009280708000000359e+00 8.853299999999999503e-01
4.017299268999999562e+00 8.407999999999999918e-01
4.025333867999999704e+00 9.255999999999999783e-01
4.033384534999999715e+00 9.708099999999999508e-01
4.041451303999999745e+00 9.424700000000000299e-01
4.049534206999999775e+00 8.998399999999999732e-01
4.057633274999999706e+00 9.265600000000000502e-01
4.065748541999999688e+00 9.621399999999999952e-01
4.073880038999999620e+00 9.577099999999999502e-01
4.082027798999999568e+00 9.546799999999999731e-01
4.090191854999999599e+00 9.657000000000000028e-01
4.098372237999999612e+00 9.793100000000000138e-01
4.106568982999999839e+00 9.771699999999999831e-01
4.114782121000000181e+00 9.770199999999999996e-01
4.123011684999999815e+00 9.757700000000000262e-01
4.131257707999999695e+00 9.813600000000000101e-01
4.139520223999999970e+00 9.840299999999999603e-01
4.147799263999999653e+00 9.743100000000000094e-01
4.156094862999999862e+00 9.792199999999999793e-01
4.164407052999999692e+00 9.861900000000000110e-01
4.172735867000000098e+00 9.808700000000000196e-01
4.181081338000000258e+00 9.831400000000000139e-01
4.189443501000000403e+00 9.765700000000000491e-01
4.197822387999999627e+00 9.753500000000000503e-01
4.206218032999999856e+00 9.765000000000000346e-01
4.214630469000000268e+00 9.637000000000000011e-01
4.223059730000000123e+00 9.687799999999999745e-01
4.231505849000000374e+00 9.478600000000000358e-01
4.239968861000000366e+00 9.153099999999999570e-01
4.248448799000000164e+00 9.374500000000000055e-01
4.256945695999999835e+00 9.080799999999999983e-01
4.265459587999999691e+00 8.538799999999999724e-01
4.273990506999999717e+00 9.091200000000000392e-01
4.282538488000000143e+00 8.958500000000000352e-01
4.291103565000000231e+00 8.701799999999999535e-01
4.299685772000000128e+00 9.443200000000000482e-01
4.308285144000000066e+00 9.573599999999999888e-01
4.316901714000000112e+00 9.361399999999999721e-01
4.325535516999999608e+00 8.570100000000000495e-01
4.334186587999999674e+00 8.752499999999999725e-01
4.342854960999999570e+00 9.588999999999999746e-01
4.351540671000000415e+00 9.500399999999999956e-01
4.360243752999999778e+00 9.615700000000000358e-01
4.368964240000000387e+00 9.375400000000000400e-01
4.377702168999999977e+00 9.202599999999999669e-01
4.386457573000000387e+00 9.503500000000000281e-01
4.395230488000000157e+00 9.484299999999999953e-01
4.404020949000000407e+00 9.588100000000000511e-01
4.412828990999999590e+00 9.612399999999999833e-01
4.421654648999999715e+00 9.627000000000000002e-01
4.430497958000000125e+00 9.549800000000000511e-01
4.439358954000000246e+00 9.561800000000000299e-01
4.448237672000000309e+00 9.403599999999999737e-01
4.457134147999999740e+00 8.781099999999999461e-01
4.466048415999999577e+00 9.194799999999999640e-01
4.474980513000000215e+00 8.969899999999999540e-01
4.483930474000000110e+00 8.526899999999999480e-01
4.492898334999999577e+00 8.954600000000000337e-01
4.501884130999999734e+00 8.659299999999999775e-01
4.510887900000000172e+00 9.072400000000000464e-01
4.519909675000000071e+00 9.153799999999999715e-01
4.528949494999999992e+00 9.204200000000000159e-01
4.538007394000000083e+00 9.397900000000000142e-01
4.547083407999999771e+00 8.246700000000000141e-01
4.556177575000000424e+00 7.978699999999999681e-01
4.565289929999999607e+00 8.638900000000000468e-01
4.574420510000000384e+00 8.213500000000000245e-01
4.583569351000000403e+00 7.138900000000000245e-01
4.592736490000000060e+00 5.710300000000000376e-01
4.601921962999999671e+00 3.224299999999999944e-01
4.611125806999999632e+00 1.025699999999999945e-01
4.620348059000000340e+00 1.717000000000000123e-02
4.629588755000000333e+00 7.200000000000000453e-04
4.638847932000000007e+00 0.000000000000000000e+00
4.648125627999999843e+00 0.000000000000000000e+00
4.657421879000000153e+00 -0.000000000000000000e+00
4.666736722999999643e+00 0.000000000000000000e+00
4.676070196999999595e+00 0.000000000000000000e+00
4.685422337000000326e+00 0.000000000000000000e+00
4.694793181999999732e+00 0.000000000000000000e+00
4.704182767999999903e+00 0.000000000000000000e+00
4.713591133000000433e+00 0.000000000000000000e+00
4.723018316000000105e+00 0.000000000000000000e+00
4.732464352000000041e+00 0.000000000000000000e+00
4.741929280999999996e+00 0.000000000000000000e+00
4.751413140000000368e+00 0.000000000000000000e+00
4.760915965999999777e+00 0.000000000000000000e+00
4.770437797999999674e+00 0.000000000000000000e+00
4.779978672999999567e+00 0.000000000000000000e+00
4.789538631000000102e+00 0.000000000000000000e+00
4.799117707999999816e+00 0.000000000000000000e+00
4.808715943000000159e+00 0.000000000000000000e+00
4.818333374999999918e+00 0.000000000000000000e+00
4.827970041999999573e+00 0.000000000000000000e+00
4.837625981999999603e+00 0.000000000000000000e+00
4.847301233999999681e+00 0.000000000000000000e+00
4.856995837000000371e+00 0.000000000000000000e+00
4.866709828000000293e+00 0.000000000000000000e+00
4.876443248000000175e+00 0.000000000000000000e+00
4.886196134000000413e+00 0.000000000000000000e+00
4.895968526999999959e+00 0.000000000000000000e+00
4.905760464000000098e+00 0.000000000000000000e+00
4.915571984999999700e+00 2.000000000000000164e-05
4.925403129000000213e+00 1.389999999999999960e-03
4.935253935000000425e+00 2.667999999999999886e-02
4.945124443000000092e+00 1.399100000000000066e-01
4.955014691999999776e+00 3.680899999999999728e-01
4.964924721000000041e+00 5.847200000000000175e-01
4.974854570999999837e+00 7.696199999999999708e-01
4.984804279999999643e+00 8.974699999999999900e-01
4.994773888000000106e+00 9.420500000000000540e-01
