1.000000000000000000e+00 3.499999999999999964e-04
1.002000000000000002e+00 3.499999999999999964e-04
1.004003999999999897e+00 3.800000000000000209e-04
1.006012007999999902e+00 3.800000000000000209e-04
1.008024032000000014e+00 3.499999999999999964e-04
1.010040080000000007e+00 4.699999999999999859e-04
1.012060160000000097e+00 4.400000000000000157e-04
1.014084280999999921e+00 3.499999999999999964e-04
1.016112448999999973e+00 4.400000000000000157e-04
1.018144673999999972e+00 5.699999999999999772e-04
1.020180963000000052e+00 9.799999999999999684e-04
1.022221325000000069e+00 1.440000000000000091e-03
1.024265768000000021e+00 2.390000000000000197e-03
1.026314299000000041e+00 3.380000000000000192e-03
1.028366928000000069e+00 4.449999999999999963e-03
1.030423662000000018e+00 8.359999999999999376e-03
1.032484509000000106e+00 1.523000000000000048e-02
1.034549477999999967e+00 3.250000000000000111e-02
1.036618577000000041e+00 5.412000000000000144e-02
1.038691814000000102e+00 8.283000000000000085e-02
1.040769198000000006e+00 1.259299999999999864e-01
1.042850735999999889e+00 1.686600000000000044e-01
1.044936437999999912e+00 2.198299999999999976e-01
1.047026310999999987e+00 2.307899999999999952e-01
1.049120362999999889e+00 2.328000000000000069e-01
1.051218604000000001e+00 2.550200000000000244e-01
1.053321041000000013e+00 2.597800000000000109e-01
1.055427683000000005e+00 2.443700000000000039e-01
1.057538539000000055e+00 2.164699999999999958e-01
1.059653616000000076e+00 1.926799999999999902e-01
1.061772922999999924e+00 1.726900000000000102e-01
1.063896468999999900e+00 1.555100000000000093e-01
1.066024262000000000e+00 1.391600000000000059e-01
1.068156309999999998e+00 1.226000000000000006e-01
1.070292623000000054e+00 1.060799999999999937e-01
1.072433208000000082e+00 9.027999999999999914e-02
1.074578075000000021e+00 7.605000000000000648e-02
1.076727231000000007e+00 6.399000000000000521e-02
1.078880684999999895e+00 5.405000000000000082e-02
1.081038447000000069e+00 4.598000000000000004e-02
1.083200523999999998e+00 3.935999999999999915e-02
1.085366924999999982e+00 3.361000000000000099e-02
1.087537658000000018e+00 2.620000000000000107e-02
1.089712733999999905e+00 1.497000000000000067e-02
1.091892158999999918e+00 4.669999999999999672e-03
1.094075944000000078e+00 7.100000000000000191e-04
1.096264094999999994e+00 5.299999999999999807e-04
1.098456623999999993e+00 4.800000000000000122e-04
1.100653536999999904e+00 4.600000000000000139e-04
1.102854843999999890e+00 8.899999999999999491e-04
1.105060554000000028e+00 9.799999999999999684e-04
1.107270675000000093e+00 3.800000000000000209e-04
1.109485215999999941e+00 3.000000000000000076e-05
1.111704186999999955e+00 0.000000000000000000e+00
1.113927595000000048e+00 0.000000000000000000e+00
1.116155449999999938e+00 0.000000000000000000e+00
1.118387760999999925e+00 0.000000000000000000e+00
1.120624537000000087e+00 0.000000000000000000e+00
1.122865785999999977e+00 0.000000000000000000e+00
1.125111516999999894e+00 0.000000000000000000e+00
1.127361740000000001e+00 0.000000000000000000e+00
1.129616463999999931e+00 0.000000000000000000e+00
1.131875696999999903e+00 0.000000000000000000e+00
1.134139447999999994e+00 0.000000000000000000e+00
1.136407726999999923e+00 0.000000000000000000e+00
1.138680541999999907e+00 0.000000000000000000e+00
1.140957903000000107e+00 0.000000000000000000e+00
1.143239818999999935e+00 0.000000000000000000e+00
1.145526298999999915e+00 0.000000000000000000e+00
1.147817351000000041e+00 0.000000000000000000e+00
1.150112985999999893e+00 0.000000000000000000e+00
1.152413211999999909e+00 0.000000000000000000e+00
1.154718039000000029e+00 0.000000000000000000e+00
1.157027475000000027e+00 0.000000000000000000e+00
1.159341530000000065e+00 0.000000000000000000e+00
1.161660212999999997e+00 0.000000000000000000e+00
1.163983532999999904e+00 0.000000000000000000e+00
1.166311499999999945e+00 0.000000000000000000e+00
1.168644122999999979e+00 0.000000000000000000e+00
1.170981411000000083e+00 0.000000000000000000e+00
1.173323373999999975e+00 0.000000000000000000e+00
1.175670020999999954e+00 0.000000000000000000e+00
1.178021361000000100e+00 0.000000000000000000e+00
1.180377403999999908e+00 0.000000000000000000e+00
1.182738158999999900e+00 0.000000000000000000e+00
1.185103634999999933e+00 0.000000000000000000e+00
1.187473841999999946e+00 0.000000000000000000e+00
1.189848790000000101e+00 0.000000000000000000e+00
1.192228486999999948e+00 0.000000000000000000e+00
1.194612943999999954e+00 0.000000000000000000e+00
1.197002169999999976e+00 0.000000000000000000e+00
1.199396174999999953e+00 0.000000000000000000e+00
1.201794967000000103e+00 0.000000000000000000e+00
1.204198557000000003e+00 0.000000000000000000e+00
1.206606953999999954e+00 0.000000000000000000e+00
1.209020167999999895e+00 0.000000000000000000e+00
1.211438207999999905e+00 0.000000000000000000e+00
1.213861085000000006e+00 0.000000000000000000e+00
1.216288806999999972e+00 1.000000000000000082e-05
1.218721383999999963e+00 2.000000000000000164e-05
1.221158827000000002e+00 3.000000000000000076e-05
1.223601144999999946e+00 5.000000000000000240e-05
1.226048347000000094e+00 4.000000000000000327e-05
1.228500444000000025e+00 3.000000000000000076e-05
1.230957445000000039e+00 2.000000000000000164e-05
1.233419360000000076e+00 1.000000000000000082e-05
1.235886197999999991e+00 1.000000000000000082e-05
1.238357970999999891e+00 3.000000000000000076e-05
1.240834686999999992e+00 6.999999999999999387e-05
1.243316356000000011e+00 1.800000000000000113e-04
1.245802988999999972e+00 3.299999999999999982e-04
1.248294594999999951e+00 6.400000000000000524e-04
1.250791183999999889e+00 1.840000000000000056e-03
1.253292765999999947e+00 3.860000000000000150e-03
1.255799351999999924e+00 8.229999999999999469e-03
1.258310950999999900e+00 1.654999999999999874e-02
1.260827571999999952e+00 2.476000000000000076e-02
1.263349228000000046e+00 3.216999999999999721e-02
1.265875926000000096e+00 4.655000000000000110e-02
1.268407677999999983e+00 6.194999999999999812e-02
1.270944493000000008e+00 8.000000000000000167e-02
1.273486381999999972e+00 9.475999999999999701e-02
1.276033355000000036e+00 1.092100000000000015e-01
1.278585421999999916e+00 1.296700000000000075e-01
1.281142592999999996e+00 1.424900000000000055e-01
1.283704877999999994e+00 1.439300000000000024e-01
1.286272287000000070e+00 1.373800000000000021e-01
1.288844832000000107e+00 1.307200000000000029e-01
1.291422521999999962e+00 1.218800000000000022e-01
1.294005367000000017e+00 1.021900000000000031e-01
1.296593376999999991e+00 7.166999999999999760e-02
1.299186563999999988e+00 3.962000000000000244e-02
1.301784937000000086e+00 1.764999999999999902e-02
1.304388507000000086e+00 7.349999999999999763e-03
1.306997283999999926e+00 2.619999999999999933e-03
1.309611279000000073e+00 8.400000000000000348e-04
1.312230500999999938e+00 4.099999999999999912e-04
1.314854962000000071e+00 1.000000000000000048e-04
1.317484671999999968e+00 9.000000000000000567e-05
1.320119642000000093e+00 4.000000000000000327e-05
1.322759881000000082e+00 1.000000000000000082e-05
1.325405401000000039e+00 1.000000000000000082e-05
1.328056211999999903e+00 1.000000000000000082e-05
1.330712324000000057e+00 1.000000000000000082e-05
1.333373748999999941e+00 1.000000000000000082e-05
1.336040496000000077e+00 0.000000000000000000e+00
1.338712576999999904e+00 0.000000000000000000e+00
1.341390002000000026e+00 0.000000000000000000e+00
1.344072782000000021e+00 0.000000000000000000e+00
1.346760927999999913e+00 0.000000000000000000e+00
1.349454450000000083e+00 0.000000000000000000e+00
1.352153359000000110e+00 0.000000000000000000e+00
1.354857664999999933e+00 0.000000000000000000e+00
1.357567380999999962e+00 0.000000000000000000e+00
1.360282514999999970e+00 0.000000000000000000e+00
1.363003079999999922e+00 0.000000000000000000e+00
1.365729087000000064e+00 0.000000000000000000e+00
1.368460545000000028e+00 0.000000000000000000e+00
1.371197465999999920e+00 0.000000000000000000e+00
1.373939860999999985e+00 0.000000000000000000e+00
1.376687739999999938e+00 0.000000000000000000e+00
1.379441115999999967e+00 0.000000000000000000e+00
1.382199997999999930e+00 0.000000000000000000e+00
1.384964397999999930e+00 0.000000000000000000e+00
1.387734326999999990e+00 0.000000000000000000e+00
1.390509795999999909e+00 0.000000000000000000e+00
1.393290815000000071e+00 0.000000000000000000e+00
1.396077396999999998e+00 0.000000000000000000e+00
1.398869552000000072e+00 0.000000000000000000e+00
1.401667291000000093e+00 0.000000000000000000e+00
1.404470625000000084e+00 0.000000000000000000e+00
1.407279567000000009e+00 0.000000000000000000e+00
1.410094125999999948e+00 0.000000000000000000e+00
1.412914314000000005e+00 0.000000000000000000e+00
1.415740143000000062e+00 0.000000000000000000e+00
1.418571623000000059e+00 0.000000000000000000e+00
1.421408766000000101e+00 0.000000000000000000e+00
1.424251584000000070e+00 0.000000000000000000e+00
1.427100086999999906e+00 0.000000000000000000e+00
1.429954286999999935e+00 0.000000000000000000e+00
1.432814196000000040e+00 0.000000000000000000e+00
1.435679823999999938e+00 1.000000000000000082e-05
1.438551184000000038e+00 1.000000000000000082e-05
1.441428286000000059e+00 1.000000000000000082e-05
1.444311142999999964e+00 1.000000000000000082e-05
1.447199764999999916e+00 1.000000000000000082e-05
1.450094164000000019e+00 1.000000000000000082e-05
1.452994353000000016e+00 2.000000000000000164e-05
1.455900340999999987e+00 3.000000000000000076e-05
1.458812141999999978e+00 2.000000000000000164e-05
1.461729765999999930e+00 4.000000000000000327e-05
1.464653226000000030e+00 1.100000000000000039e-04
1.467582531999999995e+00 1.299999999999999886e-04
1.470517697000000013e+00 1.299999999999999886e-04
1.473458732999999965e+00 8.000000000000000654e-05
1.476405650000000014e+00 4.000000000000000327e-05
1.479358461999999985e+00 6.999999999999999387e-05
1.482317177999999958e+00 1.299999999999999886e-04
1.485281813000000062e+00 2.400000000000000061e-04
1.488252375999999932e+00 4.600000000000000139e-04
1.491228881000000062e+00 1.100000000000000066e-03
1.494211339000000027e+00 5.029999999999999749e-03
1.497199761999999934e+00 6.060000000000000282e-03
1.500194161000000026e+00 7.259999999999999960e-03
1.503194549999999907e+00 1.060999999999999964e-02
1.506200938999999961e+00 9.409999999999999962e-03
1.509213340000000070e+00 9.620000000000000079e-03
1.512231767000000060e+00 1.379999999999999977e-02
1.515256230999999953e+00 1.564000000000000112e-02
1.518286742999999994e+00 2.339000000000000107e-02
1.521323317000000008e+00 3.477000000000000229e-02
1.524365962999999935e+00 4.700000000000000011e-02
1.527414695000000044e+00 6.522000000000000020e-02
1.530469524999999997e+00 8.104000000000000092e-02
1.533530464000000038e+00 1.156100000000000044e-01
1.536597524999999909e+00 1.419499999999999929e-01
1.539670719999999937e+00 1.378399999999999903e-01
1.542750061000000006e+00 1.416600000000000081e-01
1.545835561000000080e+00 1.369499999999999884e-01
1.548927232000000043e+00 1.517999999999999905e-01
1.552025087000000081e+00 1.996100000000000096e-01
1.555129136999999995e+00 1.907500000000000029e-01
1.558239394999999972e+00 1.492900000000000060e-01
1.561355873999999977e+00 1.381799999999999973e-01
1.564478585999999893e+00 1.091700000000000031e-01
1.567607543000000048e+00 1.003099999999999964e-01
1.570742757999999961e+00 1.187900000000000067e-01
1.573884244000000043e+00 1.438800000000000079e-01
1.577032012000000094e+00 1.800299999999999956e-01
1.580186075999999940e+00 1.899299999999999877e-01
1.583346447999999906e+00 1.825400000000000078e-01
1.586513140999999960e+00 1.746499999999999997e-01
1.589686166999999983e+00 1.483800000000000119e-01
1.592865540000000024e+00 1.155400000000000038e-01
1.596051271000000105e+00 8.044999999999999374e-02
1.599243372999999968e+00 4.125999999999999807e-02
1.602441860000000107e+00 1.721999999999999920e-02
1.605646743999999959e+00 9.119999999999999635e-03
1.608858037000000074e+00 1.468000000000000034e-02
1.612075753000000056e+00 1.129999999999999928e-02
1.615299905000000091e+00 1.690000000000000096e-03
1.618530505000000064e+00 2.400000000000000061e-04
1.621767565999999938e+00 4.000000000000000327e-05
1.625011100999999902e+00 1.000000000000000082e-05
1.628261122999999921e+00 0.000000000000000000e+00
1.631517644999999961e+00 0.000000000000000000e+00
1.634780681000000069e+00 0.000000000000000000e+00
1.638050242000000045e+00 0.000000000000000000e+00
1.641326341999999938e+00 0.000000000000000000e+00
1.644608995000000018e+00 0.000000000000000000e+00
1.647898212999999945e+00 0.000000000000000000e+00
1.651194008999999907e+00 0.000000000000000000e+00
1.654496398000000035e+00 0.000000000000000000e+00
1.657805390000000045e+00 0.000000000000000000e+00
1.661121000999999930e+00 0.000000000000000000e+00
1.664443243000000017e+00 0.000000000000000000e+00
1.667772129999999908e+00 0.000000000000000000e+00
1.671107673999999932e+00 0.000000000000000000e+00
1.674449888999999914e+00 0.000000000000000000e+00
1.677798788999999902e+00 0.000000000000000000e+00
1.681154387000000083e+00 0.000000000000000000e+00
1.684516694999999897e+00 0.000000000000000000e+00
1.687885729000000001e+00 0.000000000000000000e+00
1.691261499999999973e+00 0.000000000000000000e+00
1.694644022999999944e+00 0.000000000000000000e+00
1.698033311000000101e+00 0.000000000000000000e+00
1.701429378000000048e+00 0.000000000000000000e+00
1.704832236999999973e+00 0.000000000000000000e+00
1.708241901000000063e+00 0.000000000000000000e+00
1.711658385000000004e+00 0.000000000000000000e+00
1.715081701999999986e+00 0.000000000000000000e+00
1.718511864999999972e+00 0.000000000000000000e+00
1.721948889000000094e+00 0.000000000000000000e+00
1.725392787000000094e+00 0.000000000000000000e+00
1.728843571999999940e+00 0.000000000000000000e+00
1.732301258999999982e+00 0.000000000000000000e+00
1.735765862000000048e+00 0.000000000000000000e+00
1.739237394000000103e+00 0.000000000000000000e+00
1.742715867999999890e+00 0.000000000000000000e+00
1.746201300000000067e+00 0.000000000000000000e+00
1.749693702999999934e+00 0.000000000000000000e+00
1.753193089999999899e+00 0.000000000000000000e+00
1.756699476000000093e+00 0.000000000000000000e+00
1.760212874999999899e+00 0.000000000000000000e+00
1.763733301000000031e+00 0.000000000000000000e+00
1.767260768000000093e+00 0.000000000000000000e+00
1.770795289000000050e+00 0.000000000000000000e+00
1.774336879999999894e+00 0.000000000000000000e+00
1.777885552999999952e+00 0.000000000000000000e+00
1.781441325000000075e+00 0.000000000000000000e+00
1.785004207000000065e+00 0.000000000000000000e+00
1.788574215999999995e+00 0.000000000000000000e+00
1.792151363999999969e+00 0.000000000000000000e+00
1.795735666999999980e+00 0.000000000000000000e+00
1.799327137999999993e+00 0.000000000000000000e+00
1.802925791999999916e+00 0.000000000000000000e+00
1.806531644000000103e+00 0.000000000000000000e+00
1.810144707000000075e+00 0.000000000000000000e+00
1.813764997000000045e+00 0.000000000000000000e+00
1.817392526999999980e+00 0.000000000000000000e+00
1.821027312000000009e+00 0.000000000000000000e+00
1.824669365999999959e+00 0.000000000000000000e+00
1.828318705000000044e+00 0.000000000000000000e+00
1.831975342000000007e+00 0.000000000000000000e+00
1.835639293000000061e+00 0.000000000000000000e+00
1.839310572000000032e+00 0.000000000000000000e+00
1.842989192999999970e+00 0.000000000000000000e+00
1.846675171000000004e+00 0.000000000000000000e+00
1.850368521999999905e+00 0.000000000000000000e+00
1.854069259000000081e+00 0.000000000000000000e+00
1.857777396999999997e+00 0.000000000000000000e+00
1.861492952000000090e+00 0.000000000000000000e+00
1.865215937999999962e+00 0.000000000000000000e+00
1.868946369999999968e+00 0.000000000000000000e+00
1.872684261999999933e+00 0.000000000000000000e+00
1.876429630999999931e+00 0.000000000000000000e+00
1.880182489999999929e+00 0.000000000000000000e+00
1.883942854999999916e+00 0.000000000000000000e+00
1.887710741000000025e+00 0.000000000000000000e+00
1.891486162000000082e+00 0.000000000000000000e+00
1.895269134999999938e+00 0.000000000000000000e+00
1.899059673000000004e+00 0.000000000000000000e+00
1.902857792000000048e+00 0.000000000000000000e+00
1.906663508000000062e+00 0.000000000000000000e+00
1.910476835000000095e+00 0.000000000000000000e+00
1.914297788999999916e+00 0.000000000000000000e+00
1.918126384000000018e+00 0.000000000000000000e+00
1.921962637000000029e+00 0.000000000000000000e+00
1.925806562000000000e+00 0.000000000000000000e+00
1.929658174999999920e+00 0.000000000000000000e+00
1.933517492000000004e+00 0.000000000000000000e+00
1.937384527000000078e+00 0.000000000000000000e+00
1.941259295999999912e+00 0.000000000000000000e+00
1.945141814000000080e+00 0.000000000000000000e+00
1.949032097999999991e+00 0.000000000000000000e+00
1.952930161999999914e+00 0.000000000000000000e+00
1.956836022000000064e+00 0.000000000000000000e+00
1.960749695000000070e+00 0.000000000000000000e+00
1.964671193999999899e+00 0.000000000000000000e+00
1.968600536000000067e+00 0.000000000000000000e+00
1.972537736999999902e+00 0.000000000000000000e+00
1.976482813000000061e+00 0.000000000000000000e+00
1.980435777999999925e+00 0.000000000000000000e+00
1.984396650000000095e+00 0.000000000000000000e+00
1.988365442999999955e+00 0.000000000000000000e+00
1.992342174000000021e+00 0.000000000000000000e+00
1.996326859000000065e+00 0.000000000000000000e+00
2.000319511999999911e+00 0.000000000000000000e+00
2.004320150999999939e+00 0.000000000000000000e+00
2.008328791999999918e+00 0.000000000000000000e+00
2.012345449000000119e+00 0.000000000000000000e+00
2.016370139999999811e+00 0.000000000000000000e+00
2.020402879999999790e+00 0.000000000000000000e+00
2.024443686000000131e+00 0.000000000000000000e+00
2.028492573999999937e+00 0.000000000000000000e+00
2.032549559000000006e+00 0.000000000000000000e+00
2.036614657999999967e+00 0.000000000000000000e+00
2.040687886999999812e+00 0.000000000000000000e+00
2.044769263000000059e+00 0.000000000000000000e+00
2.048858801000000174e+00 0.000000000000000000e+00
2.052956518999999869e+00 0.000000000000000000e+00
2.057062431999999941e+00 0.000000000000000000e+00
2.061176557000000020e+00 0.000000000000000000e+00
2.065298910000000099e+00 0.000000000000000000e+00
2.069429507999999807e+00 0.000000000000000000e+00
2.073568367000000023e+00 0.000000000000000000e+00
2.077715503999999935e+00 0.000000000000000000e+00
2.081870934999999978e+00 0.000000000000000000e+00
2.086034676000000143e+00 0.000000000000000000e+00
2.090206745999999782e+00 0.000000000000000000e+00
2.094387159000000054e+00 0.000000000000000000e+00
2.098575933999999865e+00 0.000000000000000000e+00
2.102773084999999931e+00 0.000000000000000000e+00
2.106978632000000129e+00 0.000000000000000000e+00
2.111192588999999842e+00 0.000000000000000000e+00
2.115414974000000115e+00 0.000000000000000000e+00
2.119645804000000133e+00 0.000000000000000000e+00
2.123885095999999972e+00 0.000000000000000000e+00
2.128132866000000067e+00 0.000000000000000000e+00
2.132389132000000131e+00 0.000000000000000000e+00
2.136653910000000156e+00 0.000000000000000000e+00
2.140927217999999854e+00 0.000000000000000000e+00
2.145209072000000106e+00 0.000000000000000000e+00
2.149499490000000179e+00 0.000000000000000000e+00
2.153798489000000149e+00 0.000000000000000000e+00
2.158106086000000090e+00 0.000000000000000000e+00
2.162422298000000076e+00 0.000000000000000000e+00
2.166747142999999820e+00 0.000000000000000000e+00
2.171080637000000202e+00 0.000000000000000000e+00
2.175422799000000129e+00 0.000000000000000000e+00
2.179773643999999955e+00 0.000000000000000000e+00
2.184133190999999918e+00 0.000000000000000000e+00
2.188501458000000177e+00 0.000000000000000000e+00
2.192878460999999835e+00 0.000000000000000000e+00
2.197264217999999936e+00 0.000000000000000000e+00
2.201658746000000111e+00 0.000000000000000000e+00
2.206062064000000156e+00 0.000000000000000000e+00
2.210474188000000062e+00 0.000000000000000000e+00
2.214895135999999987e+00 0.000000000000000000e+00
2.219324926000000087e+00 0.000000000000000000e+00
2.223763576000000075e+00 0.000000000000000000e+00
2.228211103000000026e+00 0.000000000000000000e+00
2.232667526000000180e+00 0.000000000000000000e+00
2.237132861000000084e+00 0.000000000000000000e+00
2.241607125999999894e+00 0.000000000000000000e+00
2.246090340999999935e+00 0.000000000000000000e+00
2.250582521000000114e+00 0.000000000000000000e+00
2.255083685999999865e+00 0.000000000000000000e+00
2.259593853999999791e+00 0.000000000000000000e+00
2.264113040999999882e+00 0.000000000000000000e+00
2.268641267000000017e+00 0.000000000000000000e+00
2.273178549999999909e+00 0.000000000000000000e+00
2.277724907000000076e+00 0.000000000000000000e+00
2.282280356999999871e+00 0.000000000000000000e+00
2.286844917999999893e+00 0.000000000000000000e+00
2.291418607000000218e+00 0.000000000000000000e+00
2.296001444999999919e+00 0.000000000000000000e+00
2.300593447999999874e+00 0.000000000000000000e+00
2.305194633999999798e+00 0.000000000000000000e+00
2.309805024000000095e+00 0.000000000000000000e+00
2.314424633999999870e+00 0.000000000000000000e+00
2.319053482999999805e+00 0.000000000000000000e+00
2.323691590000000140e+00 0.000000000000000000e+00
2.328338973000000145e+00 0.000000000000000000e+00
2.332995651000000059e+00 0.000000000000000000e+00
2.337661642000000040e+00 0.000000000000000000e+00
2.342336965999999965e+00 0.000000000000000000e+00
2.347021639999999909e+00 0.000000000000000000e+00
2.351715683000000112e+00 0.000000000000000000e+00
2.356419113999999926e+00 0.000000000000000000e+00
2.361131953000000117e+00 0.000000000000000000e+00
2.365854215999999788e+00 0.000000000000000000e+00
2.370585924999999872e+00 0.000000000000000000e+00
2.375327096999999998e+00 0.000000000000000000e+00
2.380077750999999964e+00 0.000000000000000000e+00
2.384837906000000007e+00 0.000000000000000000e+00
2.389607582000000008e+00 0.000000000000000000e+00
2.394386797000000122e+00 0.000000000000000000e+00
2.399175570999999785e+00 0.000000000000000000e+00
2.403973922000000041e+00 0.000000000000000000e+00
2.408781869999999881e+00 0.000000000000000000e+00
2.413599433999999988e+00 0.000000000000000000e+00
2.418426633000000159e+00 0.000000000000000000e+00
2.423263486000000189e+00 0.000000000000000000e+00
2.428110012999999956e+00 0.000000000000000000e+00
2.432966233000000145e+00 0.000000000000000000e+00
2.437832165000000106e+00 0.000000000000000000e+00
2.442707829999999802e+00 0.000000000000000000e+00
2.447593245000000195e+00 0.000000000000000000e+00
2.452488431999999996e+00 0.000000000000000000e+00
2.457393408999999806e+00 0.000000000000000000e+00
2.462308194999999866e+00 0.000000000000000000e+00
2.467232812000000219e+00 0.000000000000000000e+00
2.472167277000000052e+00 0.000000000000000000e+00
2.477111611999999852e+00 0.000000000000000000e+00
2.482065835000000220e+00 0.000000000000000000e+00
2.487029966999999786e+00 0.000000000000000000e+00
2.492004027000000121e+00 0.000000000000000000e+00
2.496988035000000217e+00 0.000000000000000000e+00
2.501982010999999950e+00 0.000000000000000000e+00
2.506985975000000089e+00 0.000000000000000000e+00
2.511999947000000066e+00 0.000000000000000000e+00
2.517023947000000206e+00 0.000000000000000000e+00
2.522057994999999941e+00 0.000000000000000000e+00
2.527102111000000040e+00 0.000000000000000000e+00
2.532156314999999935e+00 0.000000000000000000e+00
2.537220628000000033e+00 0.000000000000000000e+00
2.542295069000000129e+00 0.000000000000000000e+00
2.547379659000000185e+00 0.000000000000000000e+00
2.552474418000000078e+00 0.000000000000000000e+00
2.557579367000000214e+00 0.000000000000000000e+00
2.562694526000000028e+00 0.000000000000000000e+00
2.567819914999999842e+00 0.000000000000000000e+00
2.572955555000000061e+00 0.000000000000000000e+00
2.578101466000000119e+00 0.000000000000000000e+00
2.583257668999999979e+00 0.000000000000000000e+00
2.588424183999999961e+00 0.000000000000000000e+00
2.593601033000000111e+00 0.000000000000000000e+00
2.598788234999999780e+00 0.000000000000000000e+00
2.603985810999999817e+00 0.000000000000000000e+00
2.609193782999999822e+00 0.000000000000000000e+00
2.614412170000000035e+00 0.000000000000000000e+00
2.619640995000000139e+00 0.000000000000000000e+00
2.624880276999999928e+00 0.000000000000000000e+00
2.630130036999999810e+00 0.000000000000000000e+00
2.635390296999999826e+00 0.000000000000000000e+00
2.640661077999999939e+00 0.000000000000000000e+00
2.645942400000000028e+00 0.000000000000000000e+00
2.651234285000000135e+00 0.000000000000000000e+00
2.656536753000000139e+00 0.000000000000000000e+00
2.661849827000000168e+00 0.000000000000000000e+00
2.667173526000000017e+00 0.000000000000000000e+00
2.672507873999999894e+00 0.000000000000000000e+00
2.677852888999999958e+00 0.000000000000000000e+00
2.683208594999999974e+00 1.000000000000000082e-05
2.688575011999999820e+00 1.000000000000000082e-05
2.693952161999999984e+00 0.000000000000000000e+00
2.699340067000000065e+00 2.000000000000000164e-05
2.704738746999999943e+00 3.000000000000000076e-05
2.710148224000000106e+00 3.000000000000000076e-05
2.715568520999999791e+00 4.000000000000000327e-05
2.720999658000000210e+00 6.000000000000000152e-05
2.726441657000000074e+00 9.000000000000000567e-05
2.731894539999999871e+00 8.000000000000000654e-05
2.737358329000000090e+00 6.000000000000000152e-05
2.742833045999999886e+00 1.299999999999999886e-04
2.748318712000000108e+00 2.500000000000000052e-04
2.753815349999999995e+00 1.700000000000000122e-04
2.759322979999999870e+00 1.299999999999999886e-04
2.764841625999999941e+00 2.700000000000000035e-04
2.770371309000000171e+00 2.100000000000000087e-04
2.775912051999999797e+00 1.100000000000000039e-04
2.781463876000000113e+00 2.700000000000000035e-04
2.787026803999999913e+00 3.600000000000000227e-04
2.792600858000000130e+00 2.400000000000000061e-04
2.798186058999999837e+00 1.600000000000000131e-04
2.803782431000000130e+00 1.299999999999999886e-04
2.809389996000000167e+00 1.200000000000000030e-04
2.815008775999999990e+00 9.000000000000000567e-05
2.820638794000000171e+00 6.999999999999999387e-05
2.826280070999999783e+00 1.200000000000000030e-04
2.831932632000000005e+00 2.400000000000000061e-04
2.837596496999999829e+00 3.899999999999999929e-04
2.843271689999999907e+00 7.299999999999999632e-04
2.848958232999999840e+00 1.350000000000000071e-03
2.854656149999999837e+00 1.889999999999999970e-03
2.860365461999999859e+00 1.170000000000000033e-03
2.866086193000000115e+00 3.200000000000000262e-04
2.871818365000000206e+00 1.049999999999999935e-03
2.877562001999999897e+00 2.959999999999999958e-03
2.883317126000000119e+00 4.340000000000000108e-03
2.889083760000000112e+00 4.210000000000000200e-03
2.894861928000000084e+00 3.840000000000000097e-03
2.900651652000000080e+00 3.720000000000000216e-03
2.906452954999999783e+00 5.179999999999999709e-03
2.912265860999999845e+00 7.119999999999999593e-03
2.918090392999999949e+00 7.159999999999999698e-03
2.923926573000000140e+00 8.250000000000000389e-03
2.929774425999999821e+00 1.298000000000000022e-02
2.935633975000000007e+00 1.484000000000000076e-02
2.941505242999999936e+00 1.379000000000000017e-02
2.947388253999999819e+00 1.617999999999999994e-02
2.953283030000000142e+00 1.660999999999999976e-02
2.959189595999999867e+00 1.504999999999999914e-02
2.965107976000000090e+00 1.623000000000000137e-02
2.971038190999999884e+00 1.743000000000000105e-02
2.976980268000000152e+00 2.368999999999999925e-02
2.982934227999999965e+00 3.257000000000000173e-02
2.988900097000000144e+00 3.654999999999999916e-02
2.994877896999999844e+00 2.638000000000000067e-02
3.000867652999999802e+00 1.652999999999999955e-02
3.006869388000000143e+00 3.504000000000000170e-02
3.012883126999999828e+00 4.721000000000000196e-02
3.018908892999999871e+00 5.172000000000000208e-02
3.024946711000000121e+00 5.738999999999999657e-02
3.030996603999999817e+00 5.417000000000000287e-02
3.037058598000000220e+00 5.260000000000000092e-02
3.043132715000000044e+00 5.240000000000000213e-02
3.049218980000000023e+00 4.590999999999999942e-02
3.055317418000000007e+00 3.595000000000000279e-02
3.061428053000000205e+00 2.753999999999999851e-02
3.067550908999999937e+00 1.787000000000000047e-02
3.073686010999999940e+00 2.288000000000000103e-02
3.079833382999999980e+00 1.774999999999999842e-02
3.085993049999999904e+00 1.507999999999999965e-02
3.092165035999999922e+00 1.582000000000000073e-02
3.098349365999999883e+00 5.919999999999999915e-03
3.104546065000000077e+00 5.570000000000000298e-03
3.110755156999999826e+00 4.020000000000000136e-03
3.116976666999999868e+00 1.149999999999999981e-03
3.123210620000000048e+00 7.200000000000000453e-04
3.129457041999999856e+00 2.799999999999999755e-04
3.135715955999999860e+00 1.200000000000000030e-04
3.141987387999999992e+00 1.299999999999999886e-04
3.148271362000000018e+00 8.000000000000000654e-05
3.154567904999999950e+00 2.000000000000000164e-05
3.160877040999999998e+00 1.000000000000000082e-05
3.167198795000000011e+00 0.000000000000000000e+00
3.173533192999999919e+00 0.000000000000000000e+00
3.179880258999999931e+00 0.000000000000000000e+00
3.186240020000000062e+00 0.000000000000000000e+00
3.192612500000000075e+00 0.000000000000000000e+00
3.198997724999999903e+00 0.000000000000000000e+00
3.205395719999999837e+00 0.000000000000000000e+00
3.211806510999999809e+00 0.000000000000000000e+00
3.218230124000000192e+00 0.000000000000000000e+00
3.224666585000000030e+00 0.000000000000000000e+00
3.231115917999999976e+00 0.000000000000000000e+00
3.237578150000000043e+00 0.000000000000000000e+00
3.244053306000000081e+00 0.000000000000000000e+00
3.250541413000000102e+00 0.000000000000000000e+00
3.257042494999999871e+00 0.000000000000000000e+00
3.263556579999999929e+00 0.000000000000000000e+00
3.270083694000000207e+00 0.000000000000000000e+00
3.276623861000000026e+00 0.000000000000000000e+00
3.283177108999999927e+00 0.000000000000000000e+00
3.289743463000000201e+00 0.000000000000000000e+00
3.296322949999999974e+00 0.000000000000000000e+00
3.302915596000000065e+00 0.000000000000000000e+00
3.309521426999999960e+00 0.000000000000000000e+00
3.316140470000000118e+00 0.000000000000000000e+00
3.322772751000000024e+00 0.000000000000000000e+00
3.329418296000000055e+00 0.000000000000000000e+00
3.336077132999999861e+00 0.000000000000000000e+00
3.342749287000000180e+00 0.000000000000000000e+00
3.349434786000000219e+00 0.000000000000000000e+00
3.356133654999999827e+00 0.000000000000000000e+00
3.362845923000000070e+00 0.000000000000000000e+00
3.369571613999999826e+00 0.000000000000000000e+00
3.376310757999999801e+00 0.000000000000000000e+00
3.383063379000000204e+00 0.000000000000000000e+00
3.389829505999999881e+00 0.000000000000000000e+00
3.396609165000000097e+00 0.000000000000000000e+00
3.403402382999999976e+00 0.000000000000000000e+00
3.410209188000000058e+00 0.000000000000000000e+00
3.417029605999999831e+00 0.000000000000000000e+00
3.423863665999999917e+00 0.000000000000000000e+00
3.430711393000000164e+00 0.000000000000000000e+00
3.437572815999999865e+00 0.000000000000000000e+00
3.444447960999999836e+00 0.000000000000000000e+00
3.451336856999999814e+00 0.000000000000000000e+00
3.458239530999999811e+00 0.000000000000000000e+00
3.465156009999999842e+00 0.000000000000000000e+00
3.472086322000000003e+00 0.000000000000000000e+00
3.479030494999999945e+00 0.000000000000000000e+00
3.485988556000000127e+00 0.000000000000000000e+00
3.492960533000000201e+00 0.000000000000000000e+00
3.499946453999999818e+00 0.000000000000000000e+00
3.506946346999999964e+00 0.000000000000000000e+00
3.513960239999999846e+00 0.000000000000000000e+00
3.520988159999999922e+00 0.000000000000000000e+00
3.528030135999999928e+00 0.000000000000000000e+00
3.535086197000000041e+00 0.000000000000000000e+00
3.542156369000000193e+00 0.000000000000000000e+00
3.549240682000000202e+00 0.000000000000000000e+00
3.556339163000000081e+00 0.000000000000000000e+00
3.563451841000000009e+00 0.000000000000000000e+00
3.570578745000000165e+00 0.000000000000000000e+00
3.577719903000000201e+00 0.000000000000000000e+00
3.584875342000000131e+00 0.000000000000000000e+00
3.592045092999999856e+00 0.000000000000000000e+00
3.599229182999999832e+00 0.000000000000000000e+00
3.606427641999999878e+00 0.000000000000000000e+00
3.613640497000000007e+00 0.000000000000000000e+00
3.620867778000000037e+00 0.000000000000000000e+00
3.628109513000000064e+00 0.000000000000000000e+00
3.635365731999999905e+00 0.000000000000000000e+00
3.642636464000000185e+00 0.000000000000000000e+00
3.649921737000000110e+00 0.000000000000000000e+00
3.657221579999999861e+00 0.000000000000000000e+00
3.664536023999999781e+00 0.000000000000000000e+00
3.671865095999999884e+00 0.000000000000000000e+00
3.679208825999999988e+00 0.000000000000000000e+00
3.686567242999999827e+00 0.000000000000000000e+00
3.693940378000000191e+00 0.000000000000000000e+00
3.701328258999999843e+00 0.000000000000000000e+00
3.708730914999999850e+00 0.000000000000000000e+00
3.716148377000000114e+00 0.000000000000000000e+00
3.723580673999999924e+00 0.000000000000000000e+00
3.731027834999999904e+00 0.000000000000000000e+00
3.738489890999999954e+00 0.000000000000000000e+00
3.745966870999999809e+00 0.000000000000000000e+00
3.753458804000000093e+00 0.000000000000000000e+00
3.760965721999999900e+00 0.000000000000000000e+00
3.768487653000000215e+00 0.000000000000000000e+00
3.776024629000000132e+00 0.000000000000000000e+00
3.783576678000000193e+00 0.000000000000000000e+00
3.791143830999999853e+00 0.000000000000000000e+00
3.798726118999999901e+00 0.000000000000000000e+00
3.806323571000000072e+00 0.000000000000000000e+00
3.813936217999999823e+00 0.000000000000000000e+00
3.821564090999999941e+00 0.000000000000000000e+00
3.829207219000000162e+00 0.000000000000000000e+00
3.836865632999999942e+00 0.000000000000000000e+00
3.844539365000000153e+00 0.000000000000000000e+00
3.852228443000000002e+00 0.000000000000000000e+00
3.859932900000000000e+00 0.000000000000000000e+00
3.867652765999999964e+00 0.000000000000000000e+00
3.875388071999999795e+00 0.000000000000000000e+00
3.883138848000000198e+00 0.000000000000000000e+00
3.890905125000000186e+00 0.000000000000000000e+00
3.898686935999999825e+00 0.000000000000000000e+00
3.906484310000000182e+00 0.000000000000000000e+00
3.914297277999999825e+00 0.000000000000000000e+00
3.922125873000000151e+00 0.000000000000000000e+00
3.929970124000000009e+00 0.000000000000000000e+00
3.937830064999999991e+00 0.000000000000000000e+00
3.945705724999999831e+00 0.000000000000000000e+00
3.953597135999999956e+00 0.000000000000000000e+00
3.961504330999999990e+00 0.000000000000000000e+00
3.969427339000000110e+00 0.000000000000000000e+00
3.977366194000000021e+00 0.000000000000000000e+00
3.985320925999999986e+00 0.000000000000000000e+00
3.993291568000000069e+00 1.000000000000000082e-05
4.001278151000000172e+00 1.000000000000000082e-05
4.009280708000000359e+00 0.000000000000000000e+00
4.017299268999999562e+00 0.000000000000000000e+00
4.025333867999999704e+00 2.000000000000000164e-05
4.033384534999999715e+00 2.000000000000000164e-05
4.041451303999999745e+00 1.000000000000000082e-05
4.049534206999999775e+00 0.000000000000000000e+00
4.057633274999999706e+00 1.000000000000000082e-05
4.065748541999999688e+00 3.000000000000000076e-05
4.073880038999999620e+00 3.000000000000000076e-05
4.082027798999999568e+00 2.000000000000000164e-05
4.090191854999999599e+00 8.000000000000000654e-05
4.098372237999999612e+00 1.100000000000000039e-04
4.106568982999999839e+00 1.399999999999999877e-04
4.114782121000000181e+00 1.100000000000000039e-04
4.123011684999999815e+00 4.000000000000000327e-05
4.131257707999999695e+00 1.200000000000000030e-04
4.139520223999999970e+00 4.400000000000000157e-04
4.147799263999999653e+00 4.600000000000000139e-04
4.156094862999999862e+00 1.399999999999999877e-04
4.164407052999999692e+00 1.800000000000000113e-04
4.172735867000000098e+00 8.700000000000000051e-04
4.181081338000000258e+00 1.020000000000000073e-03
4.189443501000000403e+00 4.099999999999999912e-04
4.197822387999999627e+00 1.299999999999999886e-04
4.206218032999999856e+00 3.400000000000000244e-04
4.214630469000000268e+00 6.899999999999999667e-04
4.223059730000000123e+00 7.799999999999999859e-04
4.231505849000000374e+00 3.699999999999999947e-04
4.239968861000000366e+00 9.000000000000000567e-05
4.248448799000000164e+00 2.299999999999999961e-03
4.256945695999999835e+00 2.680000000000000090e-03
4.265459587999999691e+00 7.699999999999999597e-04
4.273990506999999717e+00 2.999999999999999737e-04
4.282538488000000143e+00 8.499999999999999526e-04
4.291103565000000231e+00 2.690000000000000117e-03
4.299685772000000128e+00 3.579999999999999849e-03
4.308285144000000066e+00 3.030000000000000141e-03
4.316901714000000112e+00 1.529999999999999893e-03
4.325535516999999608e+00 2.400000000000000061e-04
4.334186587999999674e+00 1.399999999999999986e-03
4.342854960999999570e+00 3.210000000000000180e-03
4.351540671000000415e+00 2.830000000000000050e-03
4.360243752999999778e+00 1.770000000000000089e-03
4.368964240000000387e+00 1.610000000000000103e-03
4.377702168999999977e+00 1.049999999999999935e-03
4.386457573000000387e+00 7.699999999999999597e-04
4.395230488000000157e+00 6.899999999999999667e-04
4.404020949000000407e+00 4.499999999999999877e-04
4.412828990999999590e+00 4.299999999999999894e-04
4.421654648999999715e+00 6.700000000000000226e-04
4.430497958000000125e+00 5.000000000000000104e-04
4.439358954000000246e+00 4.200000000000000174e-04
4.448237672000000309e+00 5.599999999999999509e-04
4.457134147999999740e+00 3.400000000000000244e-04
4.466048415999999577e+00 4.099999999999999912e-04
4.474980513000000215e+00 3.699999999999999947e-04
4.483930474000000110e+00 3.699999999999999947e-04
4.492898334999999577e+00 9.600000000000000243e-04
4.501884130999999734e+00 9.700000000000000505e-04
4.510887900000000172e+00 2.700000000000000143e-03
4.519909675000000071e+00 3.200000000000000153e-03
4.528949494999999992e+00 4.009999999999999676e-03
4.538007394000000083e+00 3.559999999999999797e-03
4.547083407999999771e+00 7.500000000000000156e-04
4.556177575000000424e+00 9.000000000000000567e-05
4.565289929999999607e+00 2.799999999999999755e-04
4.574420510000000384e+00 4.069999999999999833e-03
4.583569351000000403e+00 4.749999999999999882e-03
4.592736490000000060e+00 7.150000000000000105e-03
4.601921962999999671e+00 7.649999999999999682e-03
4.611125806999999632e+00 5.210000000000000221e-03
4.620348059000000340e+00 5.309999999999999616e-03
4.629588755000000333e+00 3.520000000000000125e-03
4.638847932000000007e+00 3.880000000000000202e-03
4.648125627999999843e+00 3.350000000000000113e-03
4.657421879000000153e+00 4.100000000000000346e-03
4.666736722999999643e+00 3.510000000000000099e-03
4.676070196999999595e+00 4.349999999999999700e-03
4.685422337000000326e+00 3.950000000000000386e-03
4.694793181999999732e+00 5.459999999999999576e-03
4.704182767999999903e+00 5.020000000000000157e-03
4.713591133000000433e+00 5.870000000000000218e-03
4.723018316000000105e+00 5.700000000000000205e-03
4.732464352000000041e+00 8.899999999999999925e-03
4.741929280999999996e+00 9.050000000000000752e-03
4.751413140000000368e+00 1.319000000000000034e-02
4.760915965999999777e+00 1.307000000000000002e-02
4.770437797999999674e+00 1.600999999999999993e-02
4.779978672999999567e+00 1.692000000000000101e-02
4.789538631000000102e+00 2.086000000000000007e-02
4.799117707999999816e+00 2.326999999999999902e-02
4.808715943000000159e+00 2.733999999999999972e-02
4.818333374999999918e+00 3.219999999999999946e-02
4.827970041999999573e+00 3.277000000000000052e-02
4.837625981999999603e+00 3.857000000000000012e-02
4.847301233999999681e+00 3.781000000000000333e-02
4.856995837000000371e+00 4.098000000000000254e-02
4.866709828000000293e+00 4.139000000000000318e-02
4.876443248000000175e+00 4.227000000000000202e-02
4.886196134000000413e+00 4.291999999999999982e-02
4.895968526999999959e+00 4.236000000000000182e-02
4.905760464000000098e+00 4.265999999999999653e-02
4.915571984999999700e+00 4.175000000000000239e-02
4.925403129000000213e+00 4.150999999999999829e-02
4.935253935000000425e+00 4.030999999999999861e-02
4.945124443000000092e+00 3.935999999999999915e-02
4.955014691999999776e+00 3.839000000000000051e-02
4.964924721000000041e+00 3.735999999999999738e-02
4.974854570999999837e+00 3.638000000000000261e-02
4.984804279999999643e+00 3.536999999999999866e-02
4.994773888000000106e+00 3.438000000000000084e-02
