1.000000000000000000e+00 3.385099999999999776e-01
1.002000000000000002e+00 3.321700000000000208e-01
1.004003999999999897e+00 3.344699999999999895e-01
1.006012007999999902e+00 3.324500000000000233e-01
1.008024032000000014e+00 3.304699999999999860e-01
1.010040080000000007e+00 3.312399999999999789e-01
1.012060160000000097e+00 3.269599999999999729e-01
1.014084280999999921e+00 3.220999999999999974e-01
1.016112448999999973e+00 3.230500000000000038e-01
1.018144673999999972e+00 3.255799999999999805e-01
1.020180963000000052e+00 3.296600000000000086e-01
1.022221325000000069e+00 3.306799999999999740e-01
1.024265768000000021e+00 3.302300000000000235e-01
1.026314299000000041e+00 3.289599999999999747e-01
1.028366928000000069e+00 3.228900000000000103e-01
1.030423662000000018e+00 3.161100000000000021e-01
1.032484509000000106e+00 3.085399999999999809e-01
1.034549477999999967e+00 2.991500000000000270e-01
1.036618577000000041e+00 2.891099999999999781e-01
1.038691814000000102e+00 2.790699999999999847e-01
1.040769198000000006e+00 2.685000000000000164e-01
1.042850735999999889e+00 2.564799999999999858e-01
1.044936437999999912e+00 2.424699999999999911e-01
1.047026310999999987e+00 2.255699999999999927e-01
1.049120362999999889e+00 2.061600000000000099e-01
1.051218604000000001e+00 1.849800000000000055e-01
1.053321041000000013e+00 1.625900000000000123e-01
1.055427683000000005e+00 1.405099999999999960e-01
1.057538539000000055e+00 1.210999999999999993e-01
1.059653616000000076e+00 1.053499999999999992e-01
1.061772922999999924e+00 9.293999999999999484e-02
1.063896468999999900e+00 8.282000000000000473e-02
1.066024262000000000e+00 7.272000000000000686e-02
1.068156309999999998e+00 6.146000000000000074e-02
1.070292623000000054e+00 4.943000000000000171e-02
1.072433208000000082e+00 3.760999999999999760e-02
1.074578075000000021e+00 2.719999999999999848e-02
1.076727231000000007e+00 1.891999999999999932e-02
1.078880684999999895e+00 1.277999999999999969e-02
1.081038447000000069e+00 8.489999999999999283e-03
1.083200523999999998e+00 5.570000000000000298e-03
1.085366924999999982e+00 3.559999999999999797e-03
1.087537658000000018e+00 2.180000000000000080e-03
1.089712733999999905e+00 1.240000000000000000e-03
1.091892158999999918e+00 6.400000000000000524e-04
1.094075944000000078e+00 2.900000000000000017e-04
1.096264094999999994e+00 1.200000000000000030e-04
1.098456623999999993e+00 4.000000000000000327e-05
1.100653536999999904e+00 2.000000000000000164e-05
1.102854843999999890e+00 1.000000000000000082e-05
1.105060554000000028e+00 0.000000000000000000e+00
1.107270675000000093e+00 0.000000000000000000e+00
1.109485215999999941e+00 0.000000000000000000e+00
1.111704186999999955e+00 0.000000000000000000e+00
1.113927595000000048e+00 0.000000000000000000e+00
1.116155449999999938e+00 0.000000000000000000e+00
1.118387760999999925e+00 0.000000000000000000e+00
1.120624537000000087e+00 0.000000000000000000e+00
1.122865785999999977e+00 0.000000000000000000e+00
1.125111516999999894e+00 0.000000000000000000e+00
1.127361740000000001e+00 0.000000000000000000e+00
1.129616463999999931e+00 0.000000000000000000e+00
1.131875696999999903e+00 0.000000000000000000e+00
1.134139447999999994e+00 0.000000000000000000e+00
1.136407726999999923e+00 0.000000000000000000e+00
1.138680541999999907e+00 0.000000000000000000e+00
1.140957903000000107e+00 0.000000000000000000e+00
1.143239818999999935e+00 0.000000000000000000e+00
1.145526298999999915e+00 0.000000000000000000e+00
1.147817351000000041e+00 0.000000000000000000e+00
1.150112985999999893e+00 0.000000000000000000e+00
1.152413211999999909e+00 0.000000000000000000e+00
1.154718039000000029e+00 0.000000000000000000e+00
1.157027475000000027e+00 0.000000000000000000e+00
1.159341530000000065e+00 0.000000000000000000e+00
1.161660212999999997e+00 0.000000000000000000e+00
1.163983532999999904e+00 0.000000000000000000e+00
1.166311499999999945e+00 0.000000000000000000e+00
1.168644122999999979e+00 0.000000000000000000e+00
1.170981411000000083e+00 0.000000000000000000e+00
1.173323373999999975e+00 0.000000000000000000e+00
1.175670020999999954e+00 0.000000000000000000e+00
1.178021361000000100e+00 0.000000000000000000e+00
1.180377403999999908e+00 0.000000000000000000e+00
1.182738158999999900e+00 0.000000000000000000e+00
1.185103634999999933e+00 0.000000000000000000e+00
1.187473841999999946e+00 0.000000000000000000e+00
1.189848790000000101e+00 0.000000000000000000e+00
1.192228486999999948e+00 0.000000000000000000e+00
1.194612943999999954e+00 0.000000000000000000e+00
1.197002169999999976e+00 0.000000000000000000e+00
1.199396174999999953e+00 0.000000000000000000e+00
1.201794967000000103e+00 0.000000000000000000e+00
1.204198557000000003e+00 0.000000000000000000e+00
1.206606953999999954e+00 0.000000000000000000e+00
1.209020167999999895e+00 0.000000000000000000e+00
1.211438207999999905e+00 0.000000000000000000e+00
1.213861085000000006e+00 0.000000000000000000e+00
1.216288806999999972e+00 0.000000000000000000e+00
1.218721383999999963e+00 0.000000000000000000e+00
1.221158827000000002e+00 0.000000000000000000e+00
1.223601144999999946e+00 0.000000000000000000e+00
1.226048347000000094e+00 0.000000000000000000e+00
1.228500444000000025e+00 0.000000000000000000e+00
1.230957445000000039e+00 0.000000000000000000e+00
1.233419360000000076e+00 0.000000000000000000e+00
1.235886197999999991e+00 0.000000000000000000e+00
1.238357970999999891e+00 0.000000000000000000e+00
1.240834686999999992e+00 0.000000000000000000e+00
1.243316356000000011e+00 0.000000000000000000e+00
1.245802988999999972e+00 0.000000000000000000e+00
1.248294594999999951e+00 2.000000000000000164e-05
1.250791183999999889e+00 1.399999999999999877e-04
1.253292765999999947e+00 7.299999999999999632e-04
1.255799351999999924e+00 2.739999999999999814e-03
1.258310950999999900e+00 8.179999999999999771e-03
1.260827571999999952e+00 1.972000000000000142e-02
1.263349228000000046e+00 3.676999999999999713e-02
1.265875926000000096e+00 5.546999999999999847e-02
1.268407677999999983e+00 7.752000000000000557e-02
1.270944493000000008e+00 1.080200000000000049e-01
1.273486381999999972e+00 1.366100000000000092e-01
1.276033355000000036e+00 1.587300000000000100e-01
1.278585421999999916e+00 1.709299999999999986e-01
1.281142592999999996e+00 1.687700000000000033e-01
1.283704877999999994e+00 1.595600000000000074e-01
1.286272287000000070e+00 1.482900000000000051e-01
1.288844832000000107e+00 1.412700000000000067e-01
1.291422521999999962e+00 1.423599999999999866e-01
1.294005367000000017e+00 1.529899999999999871e-01
1.296593376999999991e+00 1.764999999999999902e-01
1.299186563999999988e+00 2.143100000000000005e-01
1.301784937000000086e+00 2.598400000000000154e-01
1.304388507000000086e+00 2.910200000000000009e-01
1.306997283999999926e+00 3.004200000000000204e-01
1.309611279000000073e+00 2.561499999999999888e-01
1.312230500999999938e+00 1.723600000000000132e-01
1.314854962000000071e+00 1.251400000000000012e-01
1.317484671999999968e+00 1.150299999999999934e-01
1.320119642000000093e+00 5.705999999999999961e-02
1.322759881000000082e+00 4.680000000000000132e-03
1.325405401000000039e+00 1.590000000000000050e-03
1.328056211999999903e+00 1.000000000000000082e-05
1.330712324000000057e+00 0.000000000000000000e+00
1.333373748999999941e+00 0.000000000000000000e+00
1.336040496000000077e+00 3.000000000000000076e-05
1.338712576999999904e+00 3.000000000000000076e-05
1.341390002000000026e+00 1.000000000000000082e-05
1.344072782000000021e+00 2.000000000000000164e-05
1.346760927999999913e+00 3.000000000000000076e-05
1.349454450000000083e+00 2.000000000000000164e-05
1.352153359000000110e+00 0.000000000000000000e+00
1.354857664999999933e+00 0.000000000000000000e+00
1.357567380999999962e+00 0.000000000000000000e+00
1.360282514999999970e+00 0.000000000000000000e+00
1.363003079999999922e+00 0.000000000000000000e+00
1.365729087000000064e+00 0.000000000000000000e+00
1.368460545000000028e+00 0.000000000000000000e+00
1.371197465999999920e+00 0.000000000000000000e+00
1.373939860999999985e+00 0.000000000000000000e+00
1.376687739999999938e+00 0.000000000000000000e+00
1.379441115999999967e+00 0.000000000000000000e+00
1.382199997999999930e+00 0.000000000000000000e+00
1.384964397999999930e+00 0.000000000000000000e+00
1.387734326999999990e+00 0.000000000000000000e+00
1.390509795999999909e+00 0.000000000000000000e+00
1.393290815000000071e+00 0.000000000000000000e+00
1.396077396999999998e+00 0.000000000000000000e+00
1.398869552000000072e+00 0.000000000000000000e+00
1.401667291000000093e+00 0.000000000000000000e+00
1.404470625000000084e+00 0.000000000000000000e+00
1.407279567000000009e+00 0.000000000000000000e+00
1.410094125999999948e+00 0.000000000000000000e+00
1.412914314000000005e+00 0.000000000000000000e+00
1.415740143000000062e+00 0.000000000000000000e+00
1.418571623000000059e+00 0.000000000000000000e+00
1.421408766000000101e+00 3.000000000000000076e-05
1.424251584000000070e+00 4.000000000000000327e-05
1.427100086999999906e+00 5.900000000000000296e-04
1.429954286999999935e+00 1.680000000000000070e-03
1.432814196000000040e+00 1.940000000000000101e-03
1.435679823999999938e+00 4.440000000000000370e-03
1.438551184000000038e+00 3.609999999999999928e-03
1.441428286000000059e+00 2.540000000000000157e-03
1.444311142999999964e+00 2.399999999999999790e-03
1.447199764999999916e+00 5.100000000000000366e-04
1.450094164000000019e+00 2.799999999999999755e-04
1.452994353000000016e+00 1.699999999999999905e-03
1.455900340999999987e+00 1.920000000000000049e-03
1.458812141999999978e+00 1.180000000000000059e-03
1.461729765999999930e+00 5.230000000000000274e-03
1.464653226000000030e+00 1.584999999999999951e-02
1.467582531999999995e+00 2.369999999999999885e-02
1.470517697000000013e+00 7.122000000000000552e-02
1.473458732999999965e+00 5.698000000000000287e-02
1.476405650000000014e+00 3.050000000000000194e-03
1.479358461999999985e+00 9.560000000000000789e-03
1.482317177999999958e+00 3.133999999999999980e-02
1.485281813000000062e+00 7.331999999999999629e-02
1.488252375999999932e+00 1.447199999999999875e-01
1.491228881000000062e+00 2.349199999999999899e-01
1.494211339000000027e+00 2.763499999999999845e-01
1.497199761999999934e+00 2.650000000000000133e-01
1.500194161000000026e+00 2.797299999999999787e-01
1.503194549999999907e+00 2.658300000000000107e-01
1.506200938999999961e+00 2.035500000000000087e-01
1.509213340000000070e+00 2.130599999999999994e-01
1.512231767000000060e+00 2.781899999999999928e-01
1.515256230999999953e+00 2.777100000000000124e-01
1.518286742999999994e+00 3.237499999999999822e-01
1.521323317000000008e+00 3.731599999999999917e-01
1.524365962999999935e+00 3.537199999999999789e-01
1.527414695000000044e+00 3.613500000000000045e-01
1.530469524999999997e+00 3.516000000000000236e-01
1.533530464000000038e+00 3.509399999999999742e-01
1.536597524999999909e+00 3.596199999999999952e-01
1.539670719999999937e+00 3.506400000000000072e-01
1.542750061000000006e+00 3.437999999999999945e-01
1.545835561000000080e+00 3.153199999999999892e-01
1.548927232000000043e+00 2.985800000000000121e-01
1.552025087000000081e+00 3.153400000000000092e-01
1.555129136999999995e+00 3.197499999999999787e-01
1.558239394999999972e+00 2.874800000000000133e-01
1.561355873999999977e+00 2.809300000000000130e-01
1.564478585999999893e+00 2.723200000000000065e-01
1.567607543000000048e+00 2.496800000000000130e-01
1.570742757999999961e+00 2.482099999999999862e-01
1.573884244000000043e+00 2.519399999999999973e-01
1.577032012000000094e+00 2.671100000000000141e-01
1.580186075999999940e+00 2.684699999999999864e-01
1.583346447999999906e+00 2.562400000000000233e-01
1.586513140999999960e+00 2.503000000000000225e-01
1.589686166999999983e+00 2.426899999999999891e-01
1.592865540000000024e+00 2.343899999999999872e-01
1.596051271000000105e+00 2.267699999999999994e-01
1.599243372999999968e+00 2.154099999999999904e-01
1.602441860000000107e+00 2.026999999999999913e-01
1.605646743999999959e+00 1.906400000000000039e-01
1.608858037000000074e+00 1.806399999999999950e-01
1.612075753000000056e+00 1.711000000000000021e-01
1.615299905000000091e+00 1.600699999999999901e-01
1.618530505000000064e+00 1.414799999999999947e-01
1.621767565999999938e+00 1.128900000000000042e-01
1.625011100999999902e+00 7.380000000000000449e-02
1.628261122999999921e+00 3.477000000000000229e-02
1.631517644999999961e+00 1.009000000000000001e-02
1.634780681000000069e+00 8.800000000000000313e-04
1.638050242000000045e+00 0.000000000000000000e+00
1.641326341999999938e+00 0.000000000000000000e+00
1.644608995000000018e+00 0.000000000000000000e+00
1.647898212999999945e+00 0.000000000000000000e+00
1.651194008999999907e+00 0.000000000000000000e+00
1.654496398000000035e+00 0.000000000000000000e+00
1.657805390000000045e+00 0.000000000000000000e+00
1.661121000999999930e+00 0.000000000000000000e+00
1.664443243000000017e+00 0.000000000000000000e+00
1.667772129999999908e+00 0.000000000000000000e+00
1.671107673999999932e+00 0.000000000000000000e+00
1.674449888999999914e+00 0.000000000000000000e+00
1.677798788999999902e+00 0.000000000000000000e+00
1.681154387000000083e+00 0.000000000000000000e+00
1.684516694999999897e+00 0.000000000000000000e+00
1.687885729000000001e+00 0.000000000000000000e+00
1.691261499999999973e+00 0.000000000000000000e+00
1.694644022999999944e+00 0.000000000000000000e+00
1.698033311000000101e+00 0.000000000000000000e+00
1.701429378000000048e+00 0.000000000000000000e+00
1.704832236999999973e+00 0.000000000000000000e+00
1.708241901000000063e+00 0.000000000000000000e+00
1.711658385000000004e+00 -0.000000000000000000e+00
1.715081701999999986e+00 0.000000000000000000e+00
1.718511864999999972e+00 0.000000000000000000e+00
1.721948889000000094e+00 0.000000000000000000e+00
1.725392787000000094e+00 0.000000000000000000e+00
1.728843571999999940e+00 0.000000000000000000e+00
1.732301258999999982e+00 0.000000000000000000e+00
1.735765862000000048e+00 0.000000000000000000e+00
1.739237394000000103e+00 0.000000000000000000e+00
1.742715867999999890e+00 0.000000000000000000e+00
1.746201300000000067e+00 0.000000000000000000e+00
1.749693702999999934e+00 0.000000000000000000e+00
1.753193089999999899e+00 0.000000000000000000e+00
1.756699476000000093e+00 0.000000000000000000e+00
1.760212874999999899e+00 0.000000000000000000e+00
1.763733301000000031e+00 0.000000000000000000e+00
1.767260768000000093e+00 0.000000000000000000e+00
1.770795289000000050e+00 0.000000000000000000e+00
1.774336879999999894e+00 0.000000000000000000e+00
1.777885552999999952e+00 0.000000000000000000e+00
1.781441325000000075e+00 0.000000000000000000e+00
1.785004207000000065e+00 0.000000000000000000e+00
1.788574215999999995e+00 0.000000000000000000e+00
1.792151363999999969e+00 0.000000000000000000e+00
1.795735666999999980e+00 0.000000000000000000e+00
1.799327137999999993e+00 0.000000000000000000e+00
1.802925791999999916e+00 0.000000000000000000e+00
1.806531644000000103e+00 0.000000000000000000e+00
1.810144707000000075e+00 0.000000000000000000e+00
1.813764997000000045e+00 0.000000000000000000e+00
1.817392526999999980e+00 0.000000000000000000e+00
1.821027312000000009e+00 0.000000000000000000e+00
1.824669365999999959e+00 0.000000000000000000e+00
1.828318705000000044e+00 0.000000000000000000e+00
1.831975342000000007e+00 0.000000000000000000e+00
1.835639293000000061e+00 0.000000000000000000e+00
1.839310572000000032e+00 0.000000000000000000e+00
1.842989192999999970e+00 0.000000000000000000e+00
1.846675171000000004e+00 0.000000000000000000e+00
1.850368521999999905e+00 0.000000000000000000e+00
1.854069259000000081e+00 0.000000000000000000e+00
1.857777396999999997e+00 0.000000000000000000e+00
1.861492952000000090e+00 0.000000000000000000e+00
1.865215937999999962e+00 0.000000000000000000e+00
1.868946369999999968e+00 0.000000000000000000e+00
1.872684261999999933e+00 0.000000000000000000e+00
1.876429630999999931e+00 0.000000000000000000e+00
1.880182489999999929e+00 0.000000000000000000e+00
1.883942854999999916e+00 0.000000000000000000e+00
1.887710741000000025e+00 0.000000000000000000e+00
1.891486162000000082e+00 0.000000000000000000e+00
1.895269134999999938e+00 0.000000000000000000e+00
1.899059673000000004e+00 0.000000000000000000e+00
1.902857792000000048e+00 0.000000000000000000e+00
1.906663508000000062e+00 0.000000000000000000e+00
1.910476835000000095e+00 0.000000000000000000e+00
1.914297788999999916e+00 0.000000000000000000e+00
1.918126384000000018e+00 0.000000000000000000e+00
1.921962637000000029e+00 0.000000000000000000e+00
1.925806562000000000e+00 0.000000000000000000e+00
1.929658174999999920e+00 0.000000000000000000e+00
1.933517492000000004e+00 0.000000000000000000e+00
1.937384527000000078e+00 0.000000000000000000e+00
1.941259295999999912e+00 0.000000000000000000e+00
1.945141814000000080e+00 0.000000000000000000e+00
1.949032097999999991e+00 0.000000000000000000e+00
1.952930161999999914e+00 0.000000000000000000e+00
1.956836022000000064e+00 0.000000000000000000e+00
1.960749695000000070e+00 0.000000000000000000e+00
1.964671193999999899e+00 0.000000000000000000e+00
1.968600536000000067e+00 0.000000000000000000e+00
1.972537736999999902e+00 0.000000000000000000e+00
1.976482813000000061e+00 0.000000000000000000e+00
1.980435777999999925e+00 0.000000000000000000e+00
1.984396650000000095e+00 0.000000000000000000e+00
1.988365442999999955e+00 0.000000000000000000e+00
1.992342174000000021e+00 0.000000000000000000e+00
1.996326859000000065e+00 0.000000000000000000e+00
2.000319511999999911e+00 0.000000000000000000e+00
2.004320150999999939e+00 0.000000000000000000e+00
2.008328791999999918e+00 0.000000000000000000e+00
2.012345449000000119e+00 0.000000000000000000e+00
2.016370139999999811e+00 0.000000000000000000e+00
2.020402879999999790e+00 0.000000000000000000e+00
2.024443686000000131e+00 0.000000000000000000e+00
2.028492573999999937e+00 0.000000000000000000e+00
2.032549559000000006e+00 0.000000000000000000e+00
2.036614657999999967e+00 0.000000000000000000e+00
2.040687886999999812e+00 0.000000000000000000e+00
2.044769263000000059e+00 0.000000000000000000e+00
2.048858801000000174e+00 0.000000000000000000e+00
2.052956518999999869e+00 0.000000000000000000e+00
2.057062431999999941e+00 0.000000000000000000e+00
2.061176557000000020e+00 0.000000000000000000e+00
2.065298910000000099e+00 0.000000000000000000e+00
2.069429507999999807e+00 0.000000000000000000e+00
2.073568367000000023e+00 0.000000000000000000e+00
2.077715503999999935e+00 0.000000000000000000e+00
2.081870934999999978e+00 0.000000000000000000e+00
2.086034676000000143e+00 0.000000000000000000e+00
2.090206745999999782e+00 0.000000000000000000e+00
2.094387159000000054e+00 0.000000000000000000e+00
2.098575933999999865e+00 0.000000000000000000e+00
2.102773084999999931e+00 0.000000000000000000e+00
2.106978632000000129e+00 0.000000000000000000e+00
2.111192588999999842e+00 0.000000000000000000e+00
2.115414974000000115e+00 0.000000000000000000e+00
2.119645804000000133e+00 0.000000000000000000e+00
2.123885095999999972e+00 0.000000000000000000e+00
2.128132866000000067e+00 0.000000000000000000e+00
2.132389132000000131e+00 0.000000000000000000e+00
2.136653910000000156e+00 0.000000000000000000e+00
2.140927217999999854e+00 0.000000000000000000e+00
2.145209072000000106e+00 0.000000000000000000e+00
2.149499490000000179e+00 0.000000000000000000e+00
2.153798489000000149e+00 0.000000000000000000e+00
2.158106086000000090e+00 0.000000000000000000e+00
2.162422298000000076e+00 0.000000000000000000e+00
2.166747142999999820e+00 0.000000000000000000e+00
2.171080637000000202e+00 0.000000000000000000e+00
2.175422799000000129e+00 0.000000000000000000e+00
2.179773643999999955e+00 0.000000000000000000e+00
2.184133190999999918e+00 0.000000000000000000e+00
2.188501458000000177e+00 0.000000000000000000e+00
2.192878460999999835e+00 0.000000000000000000e+00
2.197264217999999936e+00 0.000000000000000000e+00
2.201658746000000111e+00 0.000000000000000000e+00
2.206062064000000156e+00 0.000000000000000000e+00
2.210474188000000062e+00 0.000000000000000000e+00
2.214895135999999987e+00 0.000000000000000000e+00
2.219324926000000087e+00 0.000000000000000000e+00
2.223763576000000075e+00 0.000000000000000000e+00
2.228211103000000026e+00 0.000000000000000000e+00
2.232667526000000180e+00 0.000000000000000000e+00
2.237132861000000084e+00 0.000000000000000000e+00
2.241607125999999894e+00 0.000000000000000000e+00
2.246090340999999935e+00 0.000000000000000000e+00
2.250582521000000114e+00 0.000000000000000000e+00
2.255083685999999865e+00 0.000000000000000000e+00
2.259593853999999791e+00 0.000000000000000000e+00
2.264113040999999882e+00 0.000000000000000000e+00
2.268641267000000017e+00 0.000000000000000000e+00
2.273178549999999909e+00 0.000000000000000000e+00
2.277724907000000076e+00 0.000000000000000000e+00
2.282280356999999871e+00 0.000000000000000000e+00
2.286844917999999893e+00 0.000000000000000000e+00
2.291418607000000218e+00 0.000000000000000000e+00
2.296001444999999919e+00 0.000000000000000000e+00
2.300593447999999874e+00 0.000000000000000000e+00
2.305194633999999798e+00 0.000000000000000000e+00
2.309805024000000095e+00 0.000000000000000000e+00
2.314424633999999870e+00 0.000000000000000000e+00
2.319053482999999805e+00 0.000000000000000000e+00
2.323691590000000140e+00 0.000000000000000000e+00
2.328338973000000145e+00 0.000000000000000000e+00
2.332995651000000059e+00 0.000000000000000000e+00
2.337661642000000040e+00 0.000000000000000000e+00
2.342336965999999965e+00 0.000000000000000000e+00
2.347021639999999909e+00 0.000000000000000000e+00
2.351715683000000112e+00 0.000000000000000000e+00
2.356419113999999926e+00 0.000000000000000000e+00
2.361131953000000117e+00 0.000000000000000000e+00
2.365854215999999788e+00 0.000000000000000000e+00
2.370585924999999872e+00 0.000000000000000000e+00
2.375327096999999998e+00 0.000000000000000000e+00
2.380077750999999964e+00 0.000000000000000000e+00
2.384837906000000007e+00 0.000000000000000000e+00
2.389607582000000008e+00 0.000000000000000000e+00
2.394386797000000122e+00 0.000000000000000000e+00
2.399175570999999785e+00 0.000000000000000000e+00
2.403973922000000041e+00 0.000000000000000000e+00
2.408781869999999881e+00 0.000000000000000000e+00
2.413599433999999988e+00 0.000000000000000000e+00
2.418426633000000159e+00 0.000000000000000000e+00
2.423263486000000189e+00 0.000000000000000000e+00
2.428110012999999956e+00 0.000000000000000000e+00
2.432966233000000145e+00 0.000000000000000000e+00
2.437832165000000106e+00 0.000000000000000000e+00
2.442707829999999802e+00 0.000000000000000000e+00
2.447593245000000195e+00 0.000000000000000000e+00
2.452488431999999996e+00 0.000000000000000000e+00
2.457393408999999806e+00 0.000000000000000000e+00
2.462308194999999866e+00 0.000000000000000000e+00
2.467232812000000219e+00 0.000000000000000000e+00
2.472167277000000052e+00 0.000000000000000000e+00
2.477111611999999852e+00 0.000000000000000000e+00
2.482065835000000220e+00 0.000000000000000000e+00
2.487029966999999786e+00 0.000000000000000000e+00
2.492004027000000121e+00 0.000000000000000000e+00
2.496988035000000217e+00 0.000000000000000000e+00
2.501982010999999950e+00 0.000000000000000000e+00
2.506985975000000089e+00 0.000000000000000000e+00
2.511999947000000066e+00 0.000000000000000000e+00
2.517023947000000206e+00 0.000000000000000000e+00
2.522057994999999941e+00 0.000000000000000000e+00
2.527102111000000040e+00 0.000000000000000000e+00
2.532156314999999935e+00 0.000000000000000000e+00
2.537220628000000033e+00 0.000000000000000000e+00
2.542295069000000129e+00 0.000000000000000000e+00
2.547379659000000185e+00 0.000000000000000000e+00
2.552474418000000078e+00 0.000000000000000000e+00
2.557579367000000214e+00 0.000000000000000000e+00
2.562694526000000028e+00 0.000000000000000000e+00
2.567819914999999842e+00 0.000000000000000000e+00
2.572955555000000061e+00 0.000000000000000000e+00
2.578101466000000119e+00 0.000000000000000000e+00
2.583257668999999979e+00 0.000000000000000000e+00
2.588424183999999961e+00 0.000000000000000000e+00
2.593601033000000111e+00 0.000000000000000000e+00
2.598788234999999780e+00 0.000000000000000000e+00
2.603985810999999817e+00 0.000000000000000000e+00
2.609193782999999822e+00 0.000000000000000000e+00
2.614412170000000035e+00 0.000000000000000000e+00
2.619640995000000139e+00 0.000000000000000000e+00
2.624880276999999928e+00 0.000000000000000000e+00
2.630130036999999810e+00 0.000000000000000000e+00
2.635390296999999826e+00 0.000000000000000000e+00
2.640661077999999939e+00 0.000000000000000000e+00
2.645942400000000028e+00 0.000000000000000000e+00
2.651234285000000135e+00 0.000000000000000000e+00
2.656536753000000139e+00 0.000000000000000000e+00
2.661849827000000168e+00 0.000000000000000000e+00
2.667173526000000017e+00 0.000000000000000000e+00
2.672507873999999894e+00 0.000000000000000000e+00
2.677852888999999958e+00 0.000000000000000000e+00
2.683208594999999974e+00 0.000000000000000000e+00
2.688575011999999820e+00 0.000000000000000000e+00
2.693952161999999984e+00 0.000000000000000000e+00
2.699340067000000065e+00 0.000000000000000000e+00
2.704738746999999943e+00 0.000000000000000000e+00
2.710148224000000106e+00 0.000000000000000000e+00
2.715568520999999791e+00 0.000000000000000000e+00
2.720999658000000210e+00 0.000000000000000000e+00
2.726441657000000074e+00 0.000000000000000000e+00
2.731894539999999871e+00 0.000000000000000000e+00
2.737358329000000090e+00 0.000000000000000000e+00
2.742833045999999886e+00 0.000000000000000000e+00
2.748318712000000108e+00 0.000000000000000000e+00
2.753815349999999995e+00 0.000000000000000000e+00
2.759322979999999870e+00 0.000000000000000000e+00
2.764841625999999941e+00 0.000000000000000000e+00
2.770371309000000171e+00 0.000000000000000000e+00
2.775912051999999797e+00 0.000000000000000000e+00
2.781463876000000113e+00 0.000000000000000000e+00
2.787026803999999913e+00 0.000000000000000000e+00
2.792600858000000130e+00 0.000000000000000000e+00
2.798186058999999837e+00 0.000000000000000000e+00
2.803782431000000130e+00 0.000000000000000000e+00
2.809389996000000167e+00 0.000000000000000000e+00
2.815008775999999990e+00 0.000000000000000000e+00
2.820638794000000171e+00 0.000000000000000000e+00
2.826280070999999783e+00 0.000000000000000000e+00
2.831932632000000005e+00 0.000000000000000000e+00
2.837596496999999829e+00 0.000000000000000000e+00
2.843271689999999907e+00 0.000000000000000000e+00
2.848958232999999840e+00 0.000000000000000000e+00
2.854656149999999837e+00 0.000000000000000000e+00
2.860365461999999859e+00 0.000000000000000000e+00
2.866086193000000115e+00 1.000000000000000082e-05
2.871818365000000206e+00 4.000000000000000327e-05
2.877562001999999897e+00 1.299999999999999886e-04
2.883317126000000119e+00 3.400000000000000244e-04
2.889083760000000112e+00 6.800000000000000488e-04
2.894861928000000084e+00 1.420000000000000038e-03
2.900651652000000080e+00 2.990000000000000036e-03
2.906452954999999783e+00 6.329999999999999689e-03
2.912265860999999845e+00 1.152000000000000073e-02
2.918090392999999949e+00 1.858999999999999889e-02
2.923926573000000140e+00 2.874000000000000166e-02
2.929774425999999821e+00 4.195999999999999730e-02
2.935633975000000007e+00 5.782000000000000334e-02
2.941505242999999936e+00 7.681000000000000327e-02
2.947388253999999819e+00 9.854999999999999871e-02
2.953283030000000142e+00 1.208199999999999968e-01
2.959189595999999867e+00 1.403000000000000080e-01
2.965107976000000090e+00 1.468299999999999883e-01
2.971038190999999884e+00 1.412400000000000044e-01
2.976980268000000152e+00 1.358399999999999885e-01
2.982934227999999965e+00 1.426300000000000068e-01
2.988900097000000144e+00 1.808700000000000030e-01
2.994877896999999844e+00 1.787400000000000100e-01
3.000867652999999802e+00 1.663100000000000134e-01
3.006869388000000143e+00 2.556899999999999729e-01
3.012883126999999828e+00 3.251600000000000046e-01
3.018908892999999871e+00 3.693400000000000016e-01
3.024946711000000121e+00 4.420799999999999730e-01
3.030996603999999817e+00 4.955300000000000260e-01
3.037058598000000220e+00 5.414700000000000069e-01
3.043132715000000044e+00 5.830400000000000027e-01
3.049218980000000023e+00 6.153999999999999471e-01
3.055317418000000007e+00 6.410900000000000487e-01
3.061428053000000205e+00 6.630399999999999627e-01
3.067550908999999937e+00 6.825700000000000101e-01
3.073686010999999940e+00 6.999300000000000521e-01
3.079833382999999980e+00 7.151999999999999469e-01
3.085993049999999904e+00 7.295899999999999608e-01
3.092165035999999922e+00 7.427799999999999958e-01
3.098349365999999883e+00 7.542400000000000215e-01
3.104546065000000077e+00 7.654100000000000348e-01
3.110755156999999826e+00 7.739500000000000268e-01
3.116976666999999868e+00 7.811299999999999910e-01
3.123210620000000048e+00 7.870899999999999563e-01
3.129457041999999856e+00 7.689099999999999824e-01
3.135715955999999860e+00 7.564899999999999958e-01
3.141987387999999992e+00 7.237700000000000244e-01
3.148271362000000018e+00 6.262900000000000134e-01
3.154567904999999950e+00 5.779199999999999893e-01
3.160877040999999998e+00 3.779500000000000082e-01
3.167198795000000011e+00 2.217899999999999872e-01
3.173533192999999919e+00 1.328300000000000036e-01
3.179880258999999931e+00 1.362000000000000016e-02
3.186240020000000062e+00 2.370000000000000145e-03
3.192612500000000075e+00 3.200000000000000262e-04
3.198997724999999903e+00 0.000000000000000000e+00
3.205395719999999837e+00 0.000000000000000000e+00
3.211806510999999809e+00 0.000000000000000000e+00
3.218230124000000192e+00 0.000000000000000000e+00
3.224666585000000030e+00 0.000000000000000000e+00
3.231115917999999976e+00 0.000000000000000000e+00
3.237578150000000043e+00 0.000000000000000000e+00
3.244053306000000081e+00 0.000000000000000000e+00
3.250541413000000102e+00 0.000000000000000000e+00
3.257042494999999871e+00 0.000000000000000000e+00
3.263556579999999929e+00 0.000000000000000000e+00
3.270083694000000207e+00 0.000000000000000000e+00
3.276623861000000026e+00 0.000000000000000000e+00
3.283177108999999927e+00 0.000000000000000000e+00
3.289743463000000201e+00 0.000000000000000000e+00
3.296322949999999974e+00 0.000000000000000000e+00
3.302915596000000065e+00 0.000000000000000000e+00
3.309521426999999960e+00 0.000000000000000000e+00
3.316140470000000118e+00 0.000000000000000000e+00
3.322772751000000024e+00 0.000000000000000000e+00
3.329418296000000055e+00 0.000000000000000000e+00
3.336077132999999861e+00 0.000000000000000000e+00
3.342749287000000180e+00 0.000000000000000000e+00
3.349434786000000219e+00 0.000000000000000000e+00
3.356133654999999827e+00 0.000000000000000000e+00
3.362845923000000070e+00 0.000000000000000000e+00
3.369571613999999826e+00 0.000000000000000000e+00
3.376310757999999801e+00 0.000000000000000000e+00
3.383063379000000204e+00 0.000000000000000000e+00
3.389829505999999881e+00 0.000000000000000000e+00
3.396609165000000097e+00 0.000000000000000000e+00
3.403402382999999976e+00 0.000000000000000000e+00
3.410209188000000058e+00 0.000000000000000000e+00
3.417029605999999831e+00 0.000000000000000000e+00
3.423863665999999917e+00 0.000000000000000000e+00
3.430711393000000164e+00 0.000000000000000000e+00
3.437572815999999865e+00 0.000000000000000000e+00
3.444447960999999836e+00 0.000000000000000000e+00
3.451336856999999814e+00 0.000000000000000000e+00
3.458239530999999811e+00 0.000000000000000000e+00
3.465156009999999842e+00 0.000000000000000000e+00
3.472086322000000003e+00 0.000000000000000000e+00
3.479030494999999945e+00 0.000000000000000000e+00
3.485988556000000127e+00 0.000000000000000000e+00
3.492960533000000201e+00 0.000000000000000000e+00
3.499946453999999818e+00 0.000000000000000000e+00
3.506946346999999964e+00 0.000000000000000000e+00
3.513960239999999846e+00 0.000000000000000000e+00
3.520988159999999922e+00 0.000000000000000000e+00
3.528030135999999928e+00 0.000000000000000000e+00
3.535086197000000041e+00 0.000000000000000000e+00
3.542156369000000193e+00 0.000000000000000000e+00
3.549240682000000202e+00 0.000000000000000000e+00
3.556339163000000081e+00 0.000000000000000000e+00
3.563451841000000009e+00 0.000000000000000000e+00
3.570578745000000165e+00 0.000000000000000000e+00
3.577719903000000201e+00 0.000000000000000000e+00
3.584875342000000131e+00 0.000000000000000000e+00
3.592045092999999856e+00 0.000000000000000000e+00
3.599229182999999832e+00 0.000000000000000000e+00
3.606427641999999878e+00 0.000000000000000000e+00
3.613640497000000007e+00 0.000000000000000000e+00
3.620867778000000037e+00 0.000000000000000000e+00
3.628109513000000064e+00 0.000000000000000000e+00
3.635365731999999905e+00 0.000000000000000000e+00
3.642636464000000185e+00 0.000000000000000000e+00
3.649921737000000110e+00 0.000000000000000000e+00
3.657221579999999861e+00 5.000000000000000240e-05
3.664536023999999781e+00 5.000000000000000240e-05
3.671865095999999884e+00 1.000000000000000082e-05
3.679208825999999988e+00 5.900000000000000296e-04
3.686567242999999827e+00 5.299999999999999807e-04
3.693940378000000191e+00 0.000000000000000000e+00
3.701328258999999843e+00 0.000000000000000000e+00
3.708730914999999850e+00 1.000000000000000082e-05
3.716148377000000114e+00 0.000000000000000000e+00
3.723580673999999924e+00 0.000000000000000000e+00
3.731027834999999904e+00 0.000000000000000000e+00
3.738489890999999954e+00 0.000000000000000000e+00
3.745966870999999809e+00 0.000000000000000000e+00
3.753458804000000093e+00 0.000000000000000000e+00
3.760965721999999900e+00 0.000000000000000000e+00
3.768487653000000215e+00 0.000000000000000000e+00
3.776024629000000132e+00 0.000000000000000000e+00
3.783576678000000193e+00 0.000000000000000000e+00
3.791143830999999853e+00 0.000000000000000000e+00
3.798726118999999901e+00 0.000000000000000000e+00
3.806323571000000072e+00 0.000000000000000000e+00
3.813936217999999823e+00 0.000000000000000000e+00
3.821564090999999941e+00 0.000000000000000000e+00
3.829207219000000162e+00 0.000000000000000000e+00
3.836865632999999942e+00 0.000000000000000000e+00
3.844539365000000153e+00 0.000000000000000000e+00
3.852228443000000002e+00 0.000000000000000000e+00
3.859932900000000000e+00 0.000000000000000000e+00
3.867652765999999964e+00 0.000000000000000000e+00
3.875388071999999795e+00 0.000000000000000000e+00
3.883138848000000198e+00 0.000000000000000000e+00
3.890905125000000186e+00 0.000000000000000000e+00
3.898686935999999825e+00 0.000000000000000000e+00
3.906484310000000182e+00 0.000000000000000000e+00
3.914297277999999825e+00 0.000000000000000000e+00
3.922125873000000151e+00 0.000000000000000000e+00
3.929970124000000009e+00 0.000000000000000000e+00
3.937830064999999991e+00 0.000000000000000000e+00
3.945705724999999831e+00 0.000000000000000000e+00
3.953597135999999956e+00 0.000000000000000000e+00
3.961504330999999990e+00 7.699999999999999597e-04
3.969427339000000110e+00 1.519999999999999997e-02
3.977366194000000021e+00 1.507000000000000006e-02
3.985320925999999986e+00 2.150000000000000001e-03
3.993291568000000069e+00 1.134499999999999953e-01
4.001278151000000172e+00 2.317899999999999960e-01
4.009280708000000359e+00 1.338600000000000068e-01
4.017299268999999562e+00 6.975000000000000644e-02
4.025333867999999704e+00 2.706500000000000017e-01
4.033384534999999715e+00 3.877499999999999836e-01
4.041451303999999745e+00 2.296999999999999875e-01
4.049534206999999775e+00 1.447799999999999920e-01
4.057633274999999706e+00 3.047199999999999909e-01
4.065748541999999688e+00 4.071500000000000119e-01
4.073880038999999620e+00 3.832800000000000096e-01
4.082027798999999568e+00 3.324500000000000233e-01
4.090191854999999599e+00 4.520600000000000174e-01
4.098372237999999612e+00 6.088299999999999823e-01
4.106568982999999839e+00 5.912100000000000133e-01
4.114782121000000181e+00 5.622300000000000075e-01
4.123011684999999815e+00 5.351599999999999691e-01
4.131257707999999695e+00 6.198299999999999921e-01
4.139520223999999970e+00 6.968299999999999494e-01
4.147799263999999653e+00 6.108799999999999786e-01
4.156094862999999862e+00 6.230499999999999927e-01
4.164407052999999692e+00 6.952899999999999636e-01
4.172735867000000098e+00 6.656800000000000495e-01
4.181081338000000258e+00 6.711200000000000498e-01
4.189443501000000403e+00 5.951199999999999823e-01
4.197822387999999627e+00 5.688800000000000523e-01
4.206218032999999856e+00 5.645299999999999763e-01
4.214630469000000268e+00 4.398000000000000242e-01
4.223059730000000123e+00 4.355999999999999872e-01
4.231505849000000374e+00 3.732199999999999962e-01
4.239968861000000366e+00 2.283499999999999974e-01
4.248448799000000164e+00 2.809099999999999930e-01
4.256945695999999835e+00 2.505800000000000249e-01
4.265459587999999691e+00 1.339599999999999957e-01
4.273990506999999717e+00 2.338899999999999868e-01
4.282538488000000143e+00 1.717400000000000038e-01
4.291103565000000231e+00 9.142000000000000126e-02
4.299685772000000128e+00 3.038399999999999990e-01
4.308285144000000066e+00 3.600599999999999912e-01
4.316901714000000112e+00 2.429999999999999938e-01
4.325535516999999608e+00 1.482499999999999929e-01
4.334186587999999674e+00 2.469899999999999873e-01
4.342854960999999570e+00 3.719999999999999973e-01
4.351540671000000415e+00 3.556199999999999917e-01
4.360243752999999778e+00 4.295599999999999974e-01
4.368964240000000387e+00 3.288400000000000212e-01
4.377702168999999977e+00 2.588599999999999790e-01
4.386457573000000387e+00 3.753400000000000070e-01
4.395230488000000157e+00 3.472600000000000131e-01
4.404020949000000407e+00 3.811999999999999833e-01
4.412828990999999590e+00 3.611599999999999810e-01
4.421654648999999715e+00 3.957800000000000207e-01
4.430497958000000125e+00 3.789899999999999936e-01
4.439358954000000246e+00 3.386000000000000121e-01
4.448237672000000309e+00 3.253900000000000126e-01
4.457134147999999740e+00 1.871700000000000030e-01
4.466048415999999577e+00 1.748000000000000109e-01
4.474980513000000215e+00 1.250100000000000100e-01
4.483930474000000110e+00 6.997000000000000441e-02
4.492898334999999577e+00 8.787999999999999978e-02
4.501884130999999734e+00 5.491000000000000048e-02
4.510887900000000172e+00 8.569000000000000228e-02
4.519909675000000071e+00 8.752000000000000057e-02
4.528949494999999992e+00 1.252500000000000002e-01
4.538007394000000083e+00 1.508200000000000096e-01
4.547083407999999771e+00 6.343999999999999639e-02
4.556177575000000424e+00 3.182000000000000106e-02
4.565289929999999607e+00 2.966999999999999846e-02
4.574420510000000384e+00 1.223999999999999914e-02
4.583569351000000403e+00 1.340000000000000045e-03
4.592736490000000060e+00 1.000000000000000082e-05
4.601921962999999671e+00 0.000000000000000000e+00
4.611125806999999632e+00 0.000000000000000000e+00
4.620348059000000340e+00 0.000000000000000000e+00
4.629588755000000333e+00 0.000000000000000000e+00
4.638847932000000007e+00 0.000000000000000000e+00
4.648125627999999843e+00 0.000000000000000000e+00
4.657421879000000153e+00 0.000000000000000000e+00
4.666736722999999643e+00 0.000000000000000000e+00
4.676070196999999595e+00 0.000000000000000000e+00
4.685422337000000326e+00 0.000000000000000000e+00
4.694793181999999732e+00 0.000000000000000000e+00
4.704182767999999903e+00 0.000000000000000000e+00
4.713591133000000433e+00 0.000000000000000000e+00
4.723018316000000105e+00 0.000000000000000000e+00
4.732464352000000041e+00 0.000000000000000000e+00
4.741929280999999996e+00 0.000000000000000000e+00
4.751413140000000368e+00 0.000000000000000000e+00
4.760915965999999777e+00 0.000000000000000000e+00
4.770437797999999674e+00 8.099999999999999561e-04
4.779978672999999567e+00 1.789999999999999925e-03
4.789538631000000102e+00 1.820000000000000003e-03
4.799117707999999816e+00 2.690000000000000117e-03
4.808715943000000159e+00 6.819999999999999674e-03
4.818333374999999918e+00 1.669999999999999957e-02
4.827970041999999573e+00 3.629000000000000281e-02
4.837625981999999603e+00 6.801000000000000101e-02
4.847301233999999681e+00 1.081300000000000039e-01
4.856995837000000371e+00 1.513799999999999868e-01
4.866709828000000293e+00 1.924700000000000022e-01
4.876443248000000175e+00 2.269100000000000006e-01
4.886196134000000413e+00 2.456599999999999895e-01
4.895968526999999959e+00 2.667100000000000026e-01
4.905760464000000098e+00 2.788100000000000023e-01
4.915571984999999700e+00 2.727600000000000025e-01
4.925403129000000213e+00 2.677100000000000035e-01
4.935253935000000425e+00 2.626200000000000201e-01
4.945124443000000092e+00 2.565600000000000103e-01
4.955014691999999776e+00 2.514399999999999968e-01
4.964924721000000041e+00 2.478700000000000070e-01
4.974854570999999837e+00 2.428400000000000003e-01
4.984804279999999643e+00 2.362499999999999878e-01
4.994773888000000106e+00 2.292899999999999938e-01
