# Spectral unit: Wavelength [um]
# Wave/freq Total
1.000000000000000000e+00 9.805599999999999872e-01
1.002000000000000002e+00 9.736799999999999899e-01
1.004003999999999897e+00 9.680199999999999916e-01
1.006012007999999902e+00 9.673000000000000487e-01
1.008024032000000014e+00 9.768200000000000216e-01
1.010040080000000007e+00 9.655599999999999739e-01
1.012060160000000097e+00 9.635700000000000376e-01
1.014084280999999921e+00 9.795300000000000118e-01
1.016112448999999973e+00 9.804000000000000492e-01
1.018144673999999972e+00 9.825700000000000545e-01
1.020180963000000052e+00 9.821800000000000530e-01
1.022221325000000069e+00 9.813399999999999901e-01
1.024265768000000021e+00 9.760799999999999477e-01
1.026314299000000041e+00 9.808599999999999541e-01
1.028366928000000069e+00 9.880900000000000238e-01
1.030423662000000018e+00 9.872800000000000464e-01
1.032484509000000106e+00 9.916199999999999459e-01
1.034549477999999967e+00 9.951100000000000501e-01
1.036618577000000041e+00 9.967700000000000449e-01
1.038691814000000102e+00 9.969299999999999828e-01
1.040769198000000006e+00 9.957200000000000495e-01
1.042850735999999889e+00 9.939200000000000257e-01
1.044936437999999912e+00 9.935199999999999587e-01
1.047026310999999987e+00 9.933499999999999552e-01
1.049120362999999889e+00 9.925399999999999778e-01
1.051218604000000001e+00 9.913199999999999790e-01
1.053321041000000013e+00 9.897099999999999786e-01
1.055427683000000005e+00 9.881900000000000128e-01
1.057538539000000055e+00 9.865300000000000180e-01
1.059653616000000076e+00 9.841400000000000148e-01
1.061772922999999924e+00 9.822499999999999565e-01
1.063896468999999900e+00 9.797700000000000298e-01
1.066024262000000000e+00 9.777299999999999880e-01
1.068156309999999998e+00 9.778200000000000225e-01
1.070292623000000054e+00 9.750199999999999978e-01
1.072433208000000082e+00 9.735599999999999810e-01
1.074578075000000021e+00 9.759499999999999842e-01
1.076727231000000007e+00 9.685200000000000475e-01
1.078880684999999895e+00 9.536700000000000177e-01
1.081038447000000069e+00 9.473500000000000254e-01
1.083200523999999998e+00 9.522100000000000009e-01
1.085366924999999982e+00 9.358199999999999852e-01
1.087537658000000018e+00 8.996399999999999952e-01
1.089712733999999905e+00 9.018399999999999750e-01
1.091892158999999918e+00 9.173900000000000388e-01
1.094075944000000078e+00 8.887300000000000200e-01
1.096264094999999994e+00 8.389299999999999535e-01
1.098456623999999993e+00 8.247999999999999776e-01
1.100653536999999904e+00 7.717100000000000071e-01
1.102854843999999890e+00 7.037999999999999812e-01
1.105060554000000028e+00 6.846200000000000063e-01
1.107270675000000093e+00 6.593900000000000317e-01
1.109485215999999941e+00 6.137599999999999723e-01
1.111704186999999955e+00 5.782300000000000217e-01
1.113927595000000048e+00 5.094800000000000439e-01
1.116155449999999938e+00 4.037600000000000078e-01
1.118387760999999925e+00 2.630399999999999960e-01
1.120624537000000087e+00 1.371799999999999964e-01
1.122865785999999977e+00 1.059299999999999964e-01
1.125111516999999894e+00 1.380699999999999983e-01
1.127361740000000001e+00 1.243400000000000061e-01
1.129616463999999931e+00 7.190000000000000557e-02
1.131875696999999903e+00 1.560600000000000043e-01
1.134139447999999994e+00 1.990899999999999892e-01
1.136407726999999923e+00 9.174999999999999822e-02
1.138680541999999907e+00 1.614099999999999979e-01
1.140957903000000107e+00 3.355500000000000149e-01
1.143239818999999935e+00 3.247900000000000231e-01
1.145526298999999915e+00 2.177499999999999991e-01
1.147817351000000041e+00 1.159799999999999998e-01
1.150112985999999893e+00 1.794800000000000006e-01
1.152413211999999909e+00 2.733999999999999764e-01
1.154718039000000029e+00 2.423599999999999921e-01
1.157027475000000027e+00 3.098099999999999743e-01
1.159341530000000065e+00 4.255900000000000238e-01
1.161660212999999997e+00 4.745300000000000074e-01
1.163983532999999904e+00 5.688499999999999668e-01
1.166311499999999945e+00 6.306699999999999529e-01
1.168644122999999979e+00 6.415699999999999736e-01
1.170981411000000083e+00 7.050899999999999945e-01
1.173323373999999975e+00 7.502100000000000435e-01
1.175670020999999954e+00 6.936799999999999633e-01
1.178021361000000100e+00 7.038900000000000157e-01
1.180377403999999908e+00 7.804400000000000226e-01
1.182738158999999900e+00 7.210299999999999487e-01
1.185103634999999933e+00 6.850800000000000223e-01
1.187473841999999946e+00 7.672999999999999821e-01
1.189848790000000101e+00 7.335899999999999643e-01
1.192228486999999948e+00 7.178600000000000536e-01
1.194612943999999954e+00 8.057499999999999662e-01
1.197002169999999976e+00 8.111899999999999666e-01
1.199396174999999953e+00 7.557899999999999618e-01
1.201794967000000103e+00 7.681599999999999540e-01
1.204198557000000003e+00 7.539200000000000346e-01
1.206606953999999954e+00 7.873599999999999488e-01
1.209020167999999895e+00 8.484699999999999465e-01
1.211438207999999905e+00 8.322500000000000453e-01
1.213861085000000006e+00 8.218100000000000405e-01
1.216288806999999972e+00 8.128499999999999615e-01
1.218721383999999963e+00 8.473000000000000531e-01
1.221158827000000002e+00 8.871700000000000141e-01
1.223601144999999946e+00 8.895300000000000429e-01
1.226048347000000094e+00 8.922499999999999876e-01
1.228500444000000025e+00 8.998599999999999932e-01
1.230957445000000039e+00 9.237900000000000000e-01
1.233419360000000076e+00 9.481199999999999628e-01
1.235886197999999991e+00 9.613899999999999668e-01
1.238357970999999891e+00 9.725599999999999801e-01
1.240834686999999992e+00 9.786500000000000199e-01
1.243316356000000011e+00 9.818599999999999550e-01
1.245802988999999972e+00 9.821699999999999875e-01
1.248294594999999951e+00 9.822999999999999510e-01
1.250791183999999889e+00 9.809200000000000141e-01
1.253292765999999947e+00 9.771999999999999575e-01
1.255799351999999924e+00 9.731600000000000250e-01
1.258310950999999900e+00 9.672199999999999687e-01
1.260827571999999952e+00 9.589600000000000346e-01
1.263349228000000046e+00 9.331899999999999640e-01
1.265875926000000096e+00 9.059300000000000130e-01
1.268407677999999983e+00 9.072299999999999809e-01
1.270944493000000008e+00 8.592699999999999783e-01
1.273486381999999972e+00 8.761200000000000099e-01
1.276033355000000036e+00 9.441399999999999793e-01
1.278585421999999916e+00 9.512000000000000455e-01
1.281142592999999996e+00 9.513300000000000090e-01
1.283704877999999994e+00 9.650699999999999834e-01
1.286272287000000070e+00 9.747299999999999853e-01
1.288844832000000107e+00 9.598100000000000520e-01
1.291422521999999962e+00 9.462500000000000355e-01
1.294005367000000017e+00 9.294700000000000184e-01
1.296593376999999991e+00 9.055600000000000316e-01
1.299186563999999988e+00 8.857899999999999663e-01
1.301784937000000086e+00 8.522800000000000376e-01
1.304388507000000086e+00 8.130600000000000049e-01
1.306997283999999926e+00 7.873200000000000198e-01
1.309611279000000073e+00 7.945600000000000440e-01
1.312230500999999938e+00 7.622299999999999631e-01
1.314854962000000071e+00 6.534200000000000008e-01
1.317484671999999968e+00 6.281499999999999861e-01
1.320119642000000093e+00 6.578199999999999603e-01
1.322759881000000082e+00 6.245600000000000041e-01
1.325405401000000039e+00 5.830699999999999772e-01
1.328056211999999903e+00 5.710499999999999465e-01
1.330712324000000057e+00 4.804999999999999827e-01
1.333373748999999941e+00 3.243099999999999872e-01
1.336040496000000077e+00 3.160000000000000031e-01
1.338712576999999904e+00 3.739999999999999991e-01
1.341390002000000026e+00 3.596099999999999852e-01
1.344072782000000021e+00 3.423599999999999977e-01
1.346760927999999913e+00 2.257599999999999885e-01
1.349454450000000083e+00 7.582999999999999463e-02
1.352153359000000110e+00 2.599999999999999881e-02
1.354857664999999933e+00 8.630000000000000518e-03
1.357567380999999962e+00 2.999999999999999737e-04
1.360282514999999970e+00 0.000000000000000000e+00
1.363003079999999922e+00 0.000000000000000000e+00
1.365729087000000064e+00 0.000000000000000000e+00
1.368460545000000028e+00 0.000000000000000000e+00
1.371197465999999920e+00 0.000000000000000000e+00
1.373939860999999985e+00 1.000000000000000082e-05
1.376687739999999938e+00 4.000000000000000327e-05
1.379441115999999967e+00 1.700000000000000122e-04
1.382199997999999930e+00 1.299999999999999886e-04
1.384964397999999930e+00 0.000000000000000000e+00
1.387734326999999990e+00 1.000000000000000082e-05
1.390509795999999909e+00 1.499999999999999869e-04
1.393290815000000071e+00 2.900000000000000017e-04
1.396077396999999998e+00 1.600000000000000131e-04
1.398869552000000072e+00 5.599999999999999509e-04
1.401667291000000093e+00 5.599999999999999509e-04
1.404470625000000084e+00 1.340000000000000045e-03
1.407279567000000009e+00 1.399999999999999986e-03
1.410094125999999948e+00 4.000000000000000192e-04
1.412914314000000005e+00 2.230000000000000211e-03
1.415740143000000062e+00 7.490000000000000130e-03
1.418571623000000059e+00 1.469999999999999953e-02
1.421408766000000101e+00 1.013999999999999971e-02
1.424251584000000070e+00 1.291999999999999919e-02
1.427100086999999906e+00 3.690000000000000224e-02
1.429954286999999935e+00 3.586000000000000298e-02
1.432814196000000040e+00 4.624000000000000332e-02
1.435679823999999938e+00 5.528000000000000275e-02
1.438551184000000038e+00 3.917000000000000343e-02
1.441428286000000059e+00 5.183999999999999719e-02
1.444311142999999964e+00 6.274000000000000410e-02
1.447199764999999916e+00 4.843000000000000083e-02
1.450094164000000019e+00 1.005599999999999966e-01
1.452994353000000016e+00 9.983000000000000207e-02
1.455900340999999987e+00 1.140700000000000047e-01
1.458812141999999978e+00 2.143100000000000005e-01
1.461729765999999930e+00 2.267099999999999949e-01
1.464653226000000030e+00 2.327700000000000047e-01
1.467582531999999995e+00 1.767299999999999982e-01
1.470517697000000013e+00 1.105399999999999994e-01
1.473458732999999965e+00 8.237999999999999490e-02
1.476405650000000014e+00 1.726699999999999902e-01
1.479358461999999985e+00 2.297899999999999943e-01
1.482317177999999958e+00 1.533599999999999963e-01
1.485281813000000062e+00 2.286600000000000021e-01
1.488252375999999932e+00 2.455100000000000060e-01
1.491228881000000062e+00 3.366799999999999793e-01
1.494211339000000027e+00 4.475799999999999779e-01
1.497199761999999934e+00 4.647399999999999864e-01
1.500194161000000026e+00 5.670300000000000340e-01
1.503194549999999907e+00 6.877900000000000125e-01
1.506200938999999961e+00 6.411999999999999922e-01
1.509213340000000070e+00 6.306000000000000494e-01
1.512231767000000060e+00 7.846400000000000041e-01
1.515256230999999953e+00 7.983700000000000241e-01
1.518286742999999994e+00 7.863999999999999879e-01
1.521323317000000008e+00 8.217700000000000005e-01
1.524365962999999935e+00 8.792400000000000215e-01
1.527414695000000044e+00 8.941900000000000404e-01
1.530469524999999997e+00 8.816300000000000248e-01
1.533530464000000038e+00 9.202799999999999869e-01
1.536597524999999909e+00 9.414000000000000146e-01
1.539670719999999937e+00 9.467900000000000205e-01
1.542750061000000006e+00 9.551399999999999890e-01
1.545835561000000080e+00 9.591199999999999726e-01
1.548927232000000043e+00 9.657000000000000028e-01
1.552025087000000081e+00 9.755300000000000082e-01
1.555129136999999995e+00 9.775199999999999445e-01
1.558239394999999972e+00 9.852300000000000502e-01
1.561355873999999977e+00 9.893600000000000172e-01
1.564478585999999893e+00 9.808299999999999796e-01
1.567607543000000048e+00 9.794399999999999773e-01
1.570742757999999961e+00 9.688299999999999690e-01
1.573884244000000043e+00 9.324200000000000266e-01
1.577032012000000094e+00 9.328199999999999825e-01
1.580186075999999940e+00 9.412500000000000311e-01
1.583346447999999906e+00 9.464799999999999880e-01
1.586513140999999960e+00 9.715700000000000447e-01
1.589686166999999983e+00 9.842899999999999983e-01
1.592865540000000024e+00 9.840600000000000458e-01
1.596051271000000105e+00 9.847299999999999942e-01
1.599243372999999968e+00 9.801199999999999912e-01
1.602441860000000107e+00 9.486200000000000188e-01
1.605646743999999959e+00 9.326999999999999735e-01
1.608858037000000074e+00 9.442300000000000137e-01
1.612075753000000056e+00 9.479300000000000503e-01
1.615299905000000091e+00 9.595299999999999940e-01
1.618530505000000064e+00 9.788200000000000234e-01
1.621767565999999938e+00 9.876599999999999824e-01
1.625011100999999902e+00 9.924699999999999633e-01
1.628261122999999921e+00 9.959099999999999620e-01
1.631517644999999961e+00 9.969999999999999973e-01
1.634780681000000069e+00 9.928200000000000358e-01
1.638050242000000045e+00 9.904300000000000326e-01
1.641326341999999938e+00 9.862499999999999600e-01
1.644608995000000018e+00 9.838299999999999823e-01
1.647898212999999945e+00 9.812499999999999556e-01
1.651194008999999907e+00 9.788799999999999724e-01
1.654496398000000035e+00 9.743399999999999839e-01
1.657805390000000045e+00 9.734300000000000175e-01
1.661121000999999930e+00 9.831600000000000339e-01
1.664443243000000017e+00 9.751800000000000468e-01
1.667772129999999908e+00 9.737099999999999644e-01
1.671107673999999932e+00 9.816000000000000281e-01
1.674449888999999914e+00 9.829599999999999449e-01
1.677798788999999902e+00 9.796000000000000263e-01
1.681154387000000083e+00 9.772100000000000231e-01
1.684516694999999897e+00 9.761800000000000477e-01
1.687885729000000001e+00 9.793500000000000538e-01
1.691261499999999973e+00 9.659400000000000208e-01
1.694644022999999944e+00 9.549199999999999910e-01
1.698033311000000101e+00 9.428400000000000114e-01
1.701429378000000048e+00 9.344400000000000484e-01
1.704832236999999973e+00 9.591100000000000181e-01
1.708241901000000063e+00 9.520199999999999774e-01
1.711658385000000004e+00 9.140000000000000346e-01
1.715081701999999986e+00 8.971099999999999630e-01
1.718511864999999972e+00 9.204900000000000304e-01
1.721948889000000094e+00 9.100300000000000056e-01
1.725392787000000094e+00 8.498099999999999543e-01
1.728843571999999940e+00 8.720700000000000118e-01
1.732301258999999982e+00 8.951500000000000012e-01
1.735765862000000048e+00 8.670499999999999874e-01
1.739237394000000103e+00 8.330899999999999972e-01
1.742715867999999890e+00 7.835600000000000342e-01
1.746201300000000067e+00 8.189999999999999503e-01
1.749693702999999934e+00 7.741500000000000048e-01
1.753193089999999899e+00 7.473999999999999533e-01
1.756699476000000093e+00 8.020300000000000207e-01
1.760212874999999899e+00 7.730799999999999894e-01
1.763733301000000031e+00 7.161999999999999478e-01
1.767260768000000093e+00 6.530799999999999939e-01
1.770795289000000050e+00 6.439799999999999969e-01
1.774336879999999894e+00 6.665400000000000214e-01
1.777885552999999952e+00 5.837999999999999856e-01
1.781441325000000075e+00 4.582300000000000262e-01
1.785004207000000065e+00 4.305999999999999828e-01
1.788574215999999995e+00 3.921999999999999931e-01
1.792151363999999969e+00 3.887300000000000200e-01
1.795735666999999980e+00 2.791100000000000247e-01
1.799327137999999993e+00 2.048899999999999888e-01
1.802925791999999916e+00 1.400099999999999956e-01
1.806531644000000103e+00 5.492999999999999966e-02
1.810144707000000075e+00 6.257999999999999674e-02
1.813764997000000045e+00 2.373000000000000109e-02
1.817392526999999980e+00 7.839999999999999747e-03
1.821027312000000009e+00 8.130000000000000074e-03
1.824669365999999959e+00 6.000000000000000125e-03
1.828318705000000044e+00 4.100000000000000346e-03
1.831975342000000007e+00 1.100000000000000039e-04
1.835639293000000061e+00 0.000000000000000000e+00
1.839310572000000032e+00 0.000000000000000000e+00
1.842989192999999970e+00 0.000000000000000000e+00
1.846675171000000004e+00 2.000000000000000164e-05
1.850368521999999905e+00 2.000000000000000164e-05
1.854069259000000081e+00 0.000000000000000000e+00
1.857777396999999997e+00 0.000000000000000000e+00
1.861492952000000090e+00 0.000000000000000000e+00
1.865215937999999962e+00 2.000000000000000164e-05
1.868946369999999968e+00 4.000000000000000327e-05
1.872684261999999933e+00 2.000000000000000164e-05
1.876429630999999931e+00 0.000000000000000000e+00
1.880182489999999929e+00 4.000000000000000327e-05
1.883942854999999916e+00 1.200000000000000030e-04
1.887710741000000025e+00 8.000000000000000654e-05
1.891486162000000082e+00 4.600000000000000139e-04
1.895269134999999938e+00 4.400000000000000157e-04
1.899059673000000004e+00 4.400000000000000157e-04
1.902857792000000048e+00 3.899999999999999929e-04
1.906663508000000062e+00 0.000000000000000000e+00
1.910476835000000095e+00 1.000000000000000082e-05
1.914297788999999916e+00 1.000000000000000082e-05
1.918126384000000018e+00 3.200000000000000262e-04
1.921962637000000029e+00 5.800000000000000034e-04
1.925806562000000000e+00 1.879999999999999944e-03
1.929658174999999920e+00 1.750000000000000036e-03
1.933517492000000004e+00 1.469999999999999953e-03
1.937384527000000078e+00 7.329999999999999710e-03
1.941259295999999912e+00 6.550000000000000266e-03
1.945141814000000080e+00 2.749000000000000055e-02
1.949032097999999991e+00 4.324999999999999678e-02
1.952930161999999914e+00 7.933999999999999386e-02
1.956836022000000064e+00 9.055000000000000548e-02
1.960749695000000070e+00 7.667000000000000204e-02
1.964671193999999899e+00 1.033199999999999952e-01
1.968600536000000067e+00 2.270199999999999996e-01
1.972537736999999902e+00 3.821599999999999997e-01
1.976482813000000061e+00 4.380499999999999949e-01
1.980435777999999925e+00 4.876599999999999824e-01
1.984396650000000095e+00 5.516299999999999537e-01
1.988365442999999955e+00 5.593799999999999883e-01
1.992342174000000021e+00 5.661199999999999566e-01
1.996326859000000065e+00 6.115599999999999925e-01
2.000319511999999911e+00 5.487999999999999545e-01
2.004320150999999939e+00 3.299199999999999910e-01
2.008328791999999918e+00 2.043600000000000139e-01
2.012345449000000119e+00 2.909800000000000164e-01
2.016370139999999811e+00 3.320799999999999863e-01
2.020402879999999790e+00 3.313099999999999934e-01
2.024443686000000131e+00 4.642000000000000015e-01
2.028492573999999937e+00 6.500599999999999712e-01
2.032549559000000006e+00 7.541900000000000270e-01
2.036614657999999967e+00 8.149399999999999977e-01
2.040687886999999812e+00 8.396500000000000075e-01
2.044769263000000059e+00 8.287700000000000067e-01
2.048858801000000174e+00 8.460800000000000542e-01
2.052956518999999869e+00 7.532799999999999496e-01
2.057062431999999941e+00 6.113699999999999690e-01
2.061176557000000020e+00 6.468099999999999961e-01
2.065298910000000099e+00 6.902500000000000302e-01
2.069429507999999807e+00 6.722200000000000397e-01
2.073568367000000023e+00 6.920500000000000540e-01
2.077715503999999935e+00 7.570599999999999552e-01
2.081870934999999978e+00 8.396099999999999675e-01
2.086034676000000143e+00 8.639599999999999502e-01
2.090206745999999782e+00 8.779500000000000082e-01
2.094387159000000054e+00 8.936699999999999644e-01
2.098575933999999865e+00 9.182000000000000162e-01
2.102773084999999931e+00 8.741600000000000481e-01
2.106978632000000129e+00 8.840099999999999625e-01
2.111192588999999842e+00 9.549699999999999855e-01
2.115414974000000115e+00 9.386100000000000554e-01
2.119645804000000133e+00 9.114600000000000479e-01
2.123885095999999972e+00 9.175400000000000222e-01
2.128132866000000067e+00 8.996899999999999897e-01
2.132389132000000131e+00 9.287800000000000500e-01
2.136653910000000156e+00 9.679400000000000226e-01
2.140927217999999854e+00 9.664099999999999913e-01
2.145209072000000106e+00 9.790900000000000158e-01
2.149499490000000179e+00 9.769799999999999596e-01
2.153798489000000149e+00 8.994799999999999462e-01
2.158106086000000090e+00 8.888399999999999634e-01
2.162422298000000076e+00 9.274299999999999766e-01
2.166747142999999820e+00 8.945400000000000018e-01
2.171080637000000202e+00 8.988099999999999978e-01
2.175422799000000129e+00 9.217999999999999527e-01
2.179773643999999955e+00 9.067300000000000360e-01
2.184133190999999918e+00 8.966899999999999871e-01
2.188501458000000177e+00 8.521499999999999631e-01
2.192878460999999835e+00 8.790099999999999580e-01
2.197264217999999936e+00 9.150099999999999900e-01
2.201658746000000111e+00 8.749700000000000255e-01
2.206062064000000156e+00 8.877399999999999736e-01
2.210474188000000062e+00 9.183299999999999796e-01
2.214895135999999987e+00 9.454299999999999926e-01
2.219324926000000087e+00 9.391899999999999693e-01
2.223763576000000075e+00 9.409499999999999531e-01
2.228211103000000026e+00 9.562599999999999989e-01
2.232667526000000180e+00 9.669600000000000417e-01
2.237132861000000084e+00 9.731699999999999795e-01
2.241607125999999894e+00 9.733800000000000230e-01
2.246090340999999935e+00 9.748099999999999543e-01
2.250582521000000114e+00 9.695300000000000029e-01
2.255083685999999865e+00 9.742800000000000349e-01
2.259593853999999791e+00 9.759799999999999587e-01
2.264113040999999882e+00 9.751999999999999558e-01
2.268641267000000017e+00 9.720499999999999696e-01
2.273178549999999909e+00 9.614000000000000323e-01
2.277724907000000076e+00 9.660499999999999643e-01
2.282280356999999871e+00 9.746799999999999908e-01
2.286844917999999893e+00 9.700699999999999878e-01
2.291418607000000218e+00 9.656200000000000339e-01
2.296001444999999919e+00 9.272899999999999476e-01
2.300593447999999874e+00 9.262599999999999723e-01
2.305194633999999798e+00 9.545000000000000151e-01
2.309805024000000095e+00 9.526000000000000023e-01
2.314424633999999870e+00 9.491699999999999582e-01
2.319053482999999805e+00 9.306600000000000428e-01
2.323691590000000140e+00 8.608900000000000441e-01
2.328338973000000145e+00 8.736099999999999977e-01
2.332995651000000059e+00 9.156400000000000095e-01
2.337661642000000040e+00 9.144499999999999851e-01
2.342336965999999965e+00 8.302599999999999980e-01
2.347021639999999909e+00 8.117699999999999916e-01
2.351715683000000112e+00 8.238999999999999657e-01
2.356419113999999926e+00 7.467200000000000504e-01
2.361131953000000117e+00 7.615399999999999947e-01
2.365854215999999788e+00 7.927499999999999547e-01
2.370585924999999872e+00 7.523199999999999887e-01
2.375327096999999998e+00 6.945599999999999552e-01
2.380077750999999964e+00 6.025099999999999900e-01
2.384837906000000007e+00 5.329399999999999693e-01
2.389607582000000008e+00 5.330799999999999983e-01
2.394386797000000122e+00 5.812300000000000244e-01
2.399175570999999785e+00 5.862300000000000288e-01
2.403973922000000041e+00 6.160900000000000265e-01
2.408781869999999881e+00 5.136100000000000110e-01
2.413599433999999988e+00 4.291900000000000159e-01
2.418426633000000159e+00 3.593100000000000183e-01
2.423263486000000189e+00 2.991599999999999815e-01
2.428110012999999956e+00 3.904199999999999893e-01
2.432966233000000145e+00 5.178000000000000380e-01
2.437832165000000106e+00 3.524200000000000110e-01
2.442707829999999802e+00 3.765999999999999903e-01
2.447593245000000195e+00 3.908300000000000107e-01
2.452488431999999996e+00 1.557399999999999896e-01
2.457393408999999806e+00 1.963799999999999990e-01
2.462308194999999866e+00 3.535499999999999754e-01
2.467232812000000219e+00 3.275000000000000133e-01
2.472167277000000052e+00 1.965800000000000047e-01
2.477111611999999852e+00 1.521099999999999952e-01
2.482065835000000220e+00 1.010999999999999954e-01
2.487029966999999786e+00 4.433000000000000135e-02
2.492004027000000121e+00 1.933999999999999955e-02
2.496988035000000217e+00 8.510000000000000203e-03
2.501982010999999950e+00 3.858000000000000318e-02
2.506985975000000089e+00 3.436000000000000165e-02
2.511999947000000066e+00 1.447000000000000022e-02
2.517023947000000206e+00 1.401999999999999948e-02
2.522057994999999941e+00 2.779999999999999919e-03
2.527102111000000040e+00 1.030000000000000100e-03
2.532156314999999935e+00 2.000000000000000164e-05
2.537220628000000033e+00 0.000000000000000000e+00
2.542295069000000129e+00 0.000000000000000000e+00
2.547379659000000185e+00 0.000000000000000000e+00
2.552474418000000078e+00 0.000000000000000000e+00
2.557579367000000214e+00 0.000000000000000000e+00
2.562694526000000028e+00 0.000000000000000000e+00
2.567819914999999842e+00 0.000000000000000000e+00
2.572955555000000061e+00 0.000000000000000000e+00
2.578101466000000119e+00 0.000000000000000000e+00
2.583257668999999979e+00 0.000000000000000000e+00
2.588424183999999961e+00 0.000000000000000000e+00
2.593601033000000111e+00 0.000000000000000000e+00
2.598788234999999780e+00 0.000000000000000000e+00
2.603985810999999817e+00 0.000000000000000000e+00
2.609193782999999822e+00 0.000000000000000000e+00
2.614412170000000035e+00 0.000000000000000000e+00
2.619640995000000139e+00 0.000000000000000000e+00
2.624880276999999928e+00 0.000000000000000000e+00
2.630130036999999810e+00 0.000000000000000000e+00
2.635390296999999826e+00 0.000000000000000000e+00
2.640661077999999939e+00 0.000000000000000000e+00
2.645942400000000028e+00 0.000000000000000000e+00
2.651234285000000135e+00 0.000000000000000000e+00
2.656536753000000139e+00 0.000000000000000000e+00
2.661849827000000168e+00 0.000000000000000000e+00
2.667173526000000017e+00 0.000000000000000000e+00
2.672507873999999894e+00 0.000000000000000000e+00
2.677852888999999958e+00 0.000000000000000000e+00
2.683208594999999974e+00 0.000000000000000000e+00
2.688575011999999820e+00 0.000000000000000000e+00
2.693952161999999984e+00 0.000000000000000000e+00
2.699340067000000065e+00 0.000000000000000000e+00
2.704738746999999943e+00 0.000000000000000000e+00
2.710148224000000106e+00 0.000000000000000000e+00
2.715568520999999791e+00 0.000000000000000000e+00
2.720999658000000210e+00 0.000000000000000000e+00
2.726441657000000074e+00 0.000000000000000000e+00
2.731894539999999871e+00 0.000000000000000000e+00
2.737358329000000090e+00 0.000000000000000000e+00
2.742833045999999886e+00 0.000000000000000000e+00
2.748318712000000108e+00 0.000000000000000000e+00
2.753815349999999995e+00 0.000000000000000000e+00
2.759322979999999870e+00 0.000000000000000000e+00
2.764841625999999941e+00 0.000000000000000000e+00
2.770371309000000171e+00 0.000000000000000000e+00
2.775912051999999797e+00 0.000000000000000000e+00
2.781463876000000113e+00 0.000000000000000000e+00
2.787026803999999913e+00 0.000000000000000000e+00
2.792600858000000130e+00 0.000000000000000000e+00
2.798186058999999837e+00 0.000000000000000000e+00
2.803782431000000130e+00 0.000000000000000000e+00
2.809389996000000167e+00 0.000000000000000000e+00
2.815008775999999990e+00 0.000000000000000000e+00
2.820638794000000171e+00 0.000000000000000000e+00
2.826280070999999783e+00 0.000000000000000000e+00
2.831932632000000005e+00 2.000000000000000164e-05
2.837596496999999829e+00 2.000000000000000164e-05
2.843271689999999907e+00 0.000000000000000000e+00
2.848958232999999840e+00 3.800000000000000209e-04
2.854656149999999837e+00 3.400000000000000244e-04
2.860365461999999859e+00 0.000000000000000000e+00
2.866086193000000115e+00 1.069999999999999988e-03
2.871818365000000206e+00 9.700000000000000505e-04
2.877562001999999897e+00 1.770000000000000089e-03
2.883317126000000119e+00 3.559999999999999797e-03
2.889083760000000112e+00 3.089999999999999865e-03
2.894861928000000084e+00 6.590000000000000371e-03
2.900651652000000080e+00 3.237999999999999906e-02
2.906452954999999783e+00 2.503999999999999976e-02
2.912265860999999845e+00 2.155999999999999930e-02
2.918090392999999949e+00 2.492000000000000118e-02
2.923926573000000140e+00 2.196999999999999995e-02
2.929774425999999821e+00 4.816999999999999754e-02
2.935633975000000007e+00 1.044899999999999995e-01
2.941505242999999936e+00 1.018400000000000000e-01
2.947388253999999819e+00 3.821000000000000091e-02
2.953283030000000142e+00 4.694000000000000256e-02
2.959189595999999867e+00 6.401999999999999358e-02
2.965107976000000090e+00 8.737000000000000322e-02
2.971038190999999884e+00 9.994999999999999718e-02
2.976980268000000152e+00 3.951999999999999957e-02
2.982934227999999965e+00 1.030999999999999972e-02
2.988900097000000144e+00 1.103200000000000014e-01
2.994877896999999844e+00 2.218100000000000072e-01
3.000867652999999802e+00 1.539300000000000113e-01
3.006869388000000143e+00 1.158399999999999985e-01
3.012883126999999828e+00 1.687800000000000133e-01
3.018908892999999871e+00 1.350600000000000134e-01
3.024946711000000121e+00 6.531000000000000694e-02
3.030996603999999817e+00 1.363800000000000012e-01
3.037058598000000220e+00 1.297500000000000042e-01
3.043132715000000044e+00 4.136000000000000093e-02
3.049218980000000023e+00 4.657000000000000028e-02
3.055317418000000007e+00 2.563999999999999960e-02
3.061428053000000205e+00 6.880000000000000004e-02
3.067550908999999937e+00 7.581000000000000238e-02
3.073686010999999940e+00 2.162999999999999992e-02
3.079833382999999980e+00 9.374000000000000388e-02
3.085993049999999904e+00 8.207000000000000406e-02
3.092165035999999922e+00 1.798999999999999905e-02
3.098349365999999883e+00 1.460999999999999972e-02
3.104546065000000077e+00 3.858000000000000318e-02
3.110755156999999826e+00 3.559999999999999970e-02
3.116976666999999868e+00 4.720000000000000237e-03
3.123210620000000048e+00 1.517199999999999938e-01
3.129457041999999856e+00 1.532799999999999996e-01
3.135715955999999860e+00 1.805599999999999983e-01
3.141987387999999992e+00 2.350899999999999934e-01
3.148271362000000018e+00 1.076300000000000034e-01
3.154567904999999950e+00 1.564200000000000035e-01
3.160877040999999998e+00 1.990200000000000025e-01
3.167198795000000011e+00 4.555899999999999950e-01
3.173533192999999919e+00 6.322299999999999587e-01
3.179880258999999931e+00 5.978599999999999470e-01
3.186240020000000062e+00 5.022299999999999542e-01
3.192612500000000075e+00 2.911699999999999844e-01
3.198997724999999903e+00 1.343900000000000095e-01
3.205395719999999837e+00 2.847999999999999837e-02
3.211806510999999809e+00 1.170000000000000033e-03
3.218230124000000192e+00 3.160000000000000048e-03
3.224666585000000030e+00 1.752000000000000085e-02
3.231115917999999976e+00 1.465999999999999942e-02
3.237578150000000043e+00 1.313300000000000023e-01
3.244053306000000081e+00 2.197000000000000064e-01
3.250541413000000102e+00 9.654999999999999694e-02
3.257042494999999871e+00 2.580999999999999961e-01
3.263556579999999929e+00 2.711399999999999921e-01
3.270083694000000207e+00 6.165999999999999953e-02
3.276623861000000026e+00 9.628000000000000447e-02
3.283177108999999927e+00 1.560600000000000043e-01
3.289743463000000201e+00 4.098100000000000076e-01
3.296322949999999974e+00 4.298299999999999899e-01
3.302915596000000065e+00 1.424999999999999878e-01
3.309521426999999960e+00 7.055000000000000160e-02
3.316140470000000118e+00 2.510499999999999954e-01
3.322772751000000024e+00 1.944700000000000040e-01
3.329418296000000055e+00 1.235200000000000048e-01
3.336077132999999861e+00 3.898099999999999898e-01
3.342749287000000180e+00 3.722300000000000053e-01
3.349434786000000219e+00 2.383699999999999986e-01
3.356133654999999827e+00 2.663099999999999912e-01
3.362845923000000070e+00 2.576300000000000257e-01
3.369571613999999826e+00 3.184299999999999908e-01
3.376310757999999801e+00 4.228600000000000136e-01
3.383063379000000204e+00 4.812100000000000266e-01
3.389829505999999881e+00 5.465400000000000258e-01
3.396609165000000097e+00 6.640200000000000546e-01
3.403402382999999976e+00 8.013200000000000323e-01
3.410209188000000058e+00 5.677799999999999514e-01
3.417029605999999831e+00 5.305999999999999606e-01
3.423863665999999917e+00 8.157499999999999751e-01
3.430711393000000164e+00 8.979099999999999859e-01
3.437572815999999865e+00 8.578000000000000069e-01
3.444447960999999836e+00 8.087999999999999634e-01
3.451336856999999814e+00 8.186499999999999888e-01
3.458239530999999811e+00 7.944200000000000150e-01
3.465156009999999842e+00 8.186799999999999633e-01
3.472086322000000003e+00 8.883600000000000385e-01
3.479030494999999945e+00 8.484699999999999465e-01
3.485988556000000127e+00 8.340699999999999781e-01
3.492960533000000201e+00 8.351199999999999735e-01
3.499946453999999818e+00 8.385299999999999976e-01
3.506946346999999964e+00 8.550900000000000167e-01
3.513960239999999846e+00 8.338799999999999546e-01
3.520988159999999922e+00 7.735400000000000054e-01
3.528030135999999928e+00 7.499500000000000055e-01
3.535086197000000041e+00 7.780399999999999539e-01
3.542156369000000193e+00 7.232699999999999685e-01
3.549240682000000202e+00 7.138299999999999645e-01
3.556339163000000081e+00 6.804400000000000448e-01
3.563451841000000009e+00 6.961899999999999755e-01
3.570578745000000165e+00 7.360100000000000531e-01
3.577719903000000201e+00 6.858600000000000252e-01
3.584875342000000131e+00 7.451499999999999790e-01
3.592045092999999856e+00 7.394199999999999662e-01
3.599229182999999832e+00 6.847299999999999498e-01
3.606427641999999878e+00 7.773099999999999454e-01
3.613640497000000007e+00 7.651799999999999713e-01
3.620867778000000037e+00 7.196700000000000319e-01
3.628109513000000064e+00 7.992599999999999705e-01
3.635365731999999905e+00 7.751700000000000257e-01
3.642636464000000185e+00 8.145099999999999563e-01
3.649921737000000110e+00 9.164200000000000124e-01
3.657221579999999861e+00 8.395099999999999785e-01
3.664536023999999781e+00 7.993599999999999595e-01
3.671865095999999884e+00 7.657300000000000217e-01
3.679208825999999988e+00 4.977800000000000002e-01
3.686567242999999827e+00 4.673100000000000032e-01
3.693940378000000191e+00 6.854700000000000237e-01
3.701328258999999843e+00 8.089399999999999924e-01
3.708730914999999850e+00 8.935600000000000209e-01
3.716148377000000114e+00 8.234000000000000208e-01
3.723580673999999924e+00 7.894900000000000251e-01
3.731027834999999904e+00 8.511900000000000022e-01
3.738489890999999954e+00 7.762400000000000411e-01
3.745966870999999809e+00 7.661900000000000377e-01
3.753458804000000093e+00 8.383899999999999686e-01
3.760965721999999900e+00 7.641099999999999559e-01
3.768487653000000215e+00 7.285700000000000509e-01
3.776024629000000132e+00 7.624100000000000321e-01
3.783576678000000193e+00 8.129999999999999449e-01
3.791143830999999853e+00 7.795100000000000362e-01
3.798726118999999901e+00 7.477599999999999802e-01
3.806323571000000072e+00 8.414599999999999858e-01
3.813936217999999823e+00 7.918699999999999628e-01
3.821564090999999941e+00 7.575600000000000112e-01
3.829207219000000162e+00 8.638200000000000323e-01
3.836865632999999942e+00 8.407299999999999773e-01
3.844539365000000153e+00 8.294599999999999751e-01
3.852228443000000002e+00 8.836600000000000010e-01
3.859932900000000000e+00 8.619900000000000340e-01
3.867652765999999964e+00 8.759099999999999664e-01
3.875388071999999795e+00 8.991299999999999848e-01
3.883138848000000198e+00 8.949000000000000288e-01
3.890905125000000186e+00 9.199399999999999800e-01
3.898686935999999825e+00 9.389100000000000223e-01
3.906484310000000182e+00 9.220300000000000162e-01
3.914297277999999825e+00 9.407499999999999751e-01
3.922125873000000151e+00 9.638600000000000501e-01
3.929970124000000009e+00 9.479499999999999593e-01
3.937830064999999991e+00 9.586099999999999621e-01
3.945705724999999831e+00 9.736099999999999755e-01
3.953597135999999956e+00 9.624300000000000077e-01
3.961504330999999990e+00 9.664399999999999658e-01
3.969427339000000110e+00 9.771699999999999831e-01
3.977366194000000021e+00 9.715799999999999992e-01
3.985320925999999986e+00 9.728299999999999725e-01
3.993291568000000069e+00 9.770499999999999741e-01
4.001278151000000172e+00 9.771400000000000086e-01
4.009280708000000359e+00 9.773800000000000265e-01
4.017299268999999562e+00 9.787500000000000089e-01
4.025333867999999704e+00 9.778900000000000370e-01
4.033384534999999715e+00 9.772800000000000376e-01
4.041451303999999745e+00 9.792100000000000248e-01
4.049534206999999775e+00 9.797500000000000098e-01
4.057633274999999706e+00 9.799299999999999677e-01
4.065748541999999688e+00 9.796000000000000263e-01
4.073880038999999620e+00 9.799700000000000077e-01
4.082027798999999568e+00 9.789200000000000124e-01
4.090191854999999599e+00 9.767900000000000471e-01
4.098372237999999612e+00 9.748799999999999688e-01
4.106568982999999839e+00 9.725300000000000056e-01
4.114782121000000181e+00 9.750600000000000378e-01
4.123011684999999815e+00 9.776200000000000445e-01
4.131257707999999695e+00 9.754000000000000448e-01
4.139520223999999970e+00 9.742300000000000404e-01
4.147799263999999653e+00 9.751600000000000268e-01
4.156094862999999862e+00 9.640400000000000080e-01
4.164407052999999692e+00 8.949200000000000488e-01
4.172735867000000098e+00 6.545499999999999652e-01
4.181081338000000258e+00 2.894900000000000251e-01
4.189443501000000403e+00 5.449999999999999983e-02
4.197822387999999627e+00 8.999999999999999754e-04
4.206218032999999856e+00 0.000000000000000000e+00
4.214630469000000268e+00 0.000000000000000000e+00
4.223059730000000123e+00 0.000000000000000000e+00
4.231505849000000374e+00 0.000000000000000000e+00
4.239968861000000366e+00 0.000000000000000000e+00
4.248448799000000164e+00 0.000000000000000000e+00
4.256945695999999835e+00 0.000000000000000000e+00
4.265459587999999691e+00 0.000000000000000000e+00
4.273990506999999717e+00 0.000000000000000000e+00
4.282538488000000143e+00 0.000000000000000000e+00
4.291103565000000231e+00 0.000000000000000000e+00
4.299685772000000128e+00 0.000000000000000000e+00
4.308285144000000066e+00 0.000000000000000000e+00
4.316901714000000112e+00 0.000000000000000000e+00
4.325535516999999608e+00 0.000000000000000000e+00
4.334186587999999674e+00 0.000000000000000000e+00
4.342854960999999570e+00 0.000000000000000000e+00
4.351540671000000415e+00 0.000000000000000000e+00
4.360243752999999778e+00 0.000000000000000000e+00
4.368964240000000387e+00 0.000000000000000000e+00
4.377702168999999977e+00 0.000000000000000000e+00
4.386457573000000387e+00 0.000000000000000000e+00
4.395230488000000157e+00 0.000000000000000000e+00
4.404020949000000407e+00 0.000000000000000000e+00
4.412828990999999590e+00 0.000000000000000000e+00
4.421654648999999715e+00 0.000000000000000000e+00
4.430497958000000125e+00 1.000000000000000082e-05
4.439358954000000246e+00 3.099999999999999999e-04
4.448237672000000309e+00 2.789999999999999945e-03
4.457134147999999740e+00 1.393999999999999927e-02
4.466048415999999577e+00 4.222000000000000058e-02
4.474980513000000215e+00 1.222899999999999959e-01
4.483930474000000110e+00 2.632700000000000040e-01
4.492898334999999577e+00 4.052600000000000091e-01
4.501884130999999734e+00 5.566100000000000492e-01
4.510887900000000172e+00 6.766299999999999537e-01
4.519909675000000071e+00 7.392199999999999882e-01
4.528949494999999992e+00 7.105900000000000549e-01
4.538007394000000083e+00 6.920699999999999630e-01
4.547083407999999771e+00 7.893499999999999961e-01
4.556177575000000424e+00 8.759700000000000264e-01
4.565289929999999607e+00 8.646800000000000042e-01
4.574420510000000384e+00 7.944299999999999695e-01
4.583569351000000403e+00 7.887199999999999767e-01
4.592736490000000060e+00 8.005400000000000293e-01
4.601921962999999671e+00 8.499600000000000488e-01
4.611125806999999632e+00 8.321800000000000308e-01
4.620348059000000340e+00 8.225299999999999834e-01
4.629588755000000333e+00 6.964700000000000335e-01
4.638847932000000007e+00 6.588600000000000012e-01
4.648125627999999843e+00 7.231199999999999850e-01
4.657421879000000153e+00 6.577199999999999713e-01
4.666736722999999643e+00 6.152400000000000091e-01
4.676070196999999595e+00 5.952100000000000168e-01
4.685422337000000326e+00 4.496299999999999741e-01
4.694793181999999732e+00 6.049700000000000077e-01
4.704182767999999903e+00 8.172500000000000320e-01
4.713591133000000433e+00 6.216599999999999904e-01
4.723018316000000105e+00 6.114399999999999835e-01
4.732464352000000041e+00 5.321399999999999464e-01
4.741929280999999996e+00 5.826999999999999957e-01
4.751413140000000368e+00 6.426199999999999690e-01
4.760915965999999777e+00 6.185100000000000042e-01
4.770437797999999674e+00 6.054500000000000437e-01
4.779978672999999567e+00 5.081700000000000106e-01
4.789538631000000102e+00 3.728099999999999747e-01
4.799117707999999816e+00 3.762900000000000134e-01
4.808715943000000159e+00 5.125399999999999956e-01
4.818333374999999918e+00 3.780100000000000127e-01
4.827970041999999573e+00 2.611899999999999777e-01
4.837625981999999603e+00 3.910699999999999732e-01
4.847301233999999681e+00 2.750799999999999912e-01
4.856995837000000371e+00 1.387400000000000022e-01
4.866709828000000293e+00 3.612099999999999755e-01
4.876443248000000175e+00 5.215300000000000491e-01
4.886196134000000413e+00 5.170000000000000151e-01
4.895968526999999959e+00 3.052500000000000213e-01
4.905760464000000098e+00 1.187000000000000000e-01
4.915571984999999700e+00 2.512699999999999934e-01
4.925403129000000213e+00 4.665099999999999802e-01
4.935253935000000425e+00 4.365100000000000091e-01
4.945124443000000092e+00 2.498499999999999888e-01
4.955014691999999776e+00 1.311900000000000011e-01
4.964924721000000041e+00 5.512000000000000233e-02
4.974854570999999837e+00 1.767799999999999927e-01
4.984804279999999643e+00 1.970699999999999952e-01
4.994773888000000106e+00 2.475600000000000023e-01
5.004763436000000176e+00 2.717999999999999861e-01
5.014772963000000416e+00 1.261899999999999966e-01
5.024802508999999695e+00 4.567999999999999838e-02
5.034852114000000434e+00 3.089999999999999865e-03
5.044921817999999725e+00 1.189400000000000041e-01
5.055011662000000072e+00 2.871299999999999963e-01
5.065121685000000262e+00 2.766100000000000225e-01
5.075251928000000134e+00 2.468400000000000039e-01
5.085402432000000417e+00 1.359799999999999898e-01
5.095573236999999978e+00 1.856999999999999970e-02
5.105764384000000433e+00 3.937000000000000222e-02
5.115975911999999681e+00 3.665000000000000202e-02
5.126207864000000392e+00 5.229000000000000314e-02
5.136460279999999656e+00 4.633000000000000312e-02
5.146733199999999897e+00 9.010000000000000647e-03
5.157026667000000231e+00 1.200000000000000030e-04
5.167340720000000331e+00 1.840999999999999928e-02
5.177675402000000204e+00 2.859000000000000083e-02
5.188030752000000412e+00 4.343999999999999945e-02
5.198406814000000153e+00 3.155000000000000165e-02
5.208803628000000074e+00 1.690000000000000096e-03
5.219221235000000014e+00 0.000000000000000000e+00
5.229659676999999895e+00 9.000000000000000567e-05
5.240118996999999723e+00 9.000000000000000567e-05
5.250599235000000142e+00 8.000000000000000654e-05
5.261100433000000187e+00 2.279999999999999909e-03
5.271622633999999863e+00 1.050000000000000065e-02
5.282165878999999897e+00 7.740000000000000352e-03
5.292730211000000295e+00 0.000000000000000000e+00
