# ------------------------------------------------------------------------
# NASA-GSFC Planetary Spectrum Generator (PSG, Villanueva et al. 2018)
# Atmospheric transmittance spectrum synthesized with PUMAS (Villanueva et al. 2018, Smith et al. 2009, Edwards 1992)
# Synthesized on Sat Jul 31 18:41:44 2021
# Molecular abundance profile: Earth_US-Standard
# Molecules considered: H2O,CO2,O3,N2O,CO,CH4,O2,N2
# Molecular sources: HIT[1],HIT[2],HIT[3],HIT[4],HIT[5],HIT[6],HIT[7],HIT[22]
# Molecular abundances: 1,1,1,1,1,1,1,1
# Molecular abundance units: scl,scl,scl,scl,scl,scl,scl,scl
# Collissional partners: Air:100%, H2:0%, He:0%, CO2:0%
# UV cross-sections included:  H2O CO2 O3 N2O CO CH4 O2 N2
# Collision-Induced-Absorption:  CO2-CO2  CO2-O2  H2O-H2O  H2O-N2  N2-CH4  N2-H2O  N2-N2  O2-CO2  O2-N2  O2-O2 
# Rayleigh scattering included
# ------------------------------------------------------------------------
# Spectral unit: Wavelength [um]
# Wave/freq Total H2O CO2 O3 N2O CO CH4 O2 N2 Rayleigh CIA
5.000000000e-01  0.75526  0.99853  1.00000  0.97793  1.00000  1.00000  1.00000  1.00000  1.00000  0.77347  0.99996
5.025000000e-01  0.75298  0.99472  1.00000  0.97378  1.00000  1.00000  1.00000  1.00000  1.00000  0.77741  0.99993
5.050125000e-01  0.75167  0.99112  1.00000  0.97082  1.00000  1.00000  1.00000  1.00000  1.00000  0.78129  0.99988
5.075375625e-01  0.75731  0.99349  1.00000  0.97099  1.00000  1.00000  1.00000  1.00000  1.00000  0.78511  0.99992
5.100752503e-01  0.76500  0.99752  1.00000  0.97217  1.00000  1.00000  1.00000  1.00000  1.00000  0.78887  0.99998
5.126256266e-01  0.76968  0.99934  1.00000  0.97177  1.00000  1.00000  1.00000  1.00000  1.00000  0.79257  0.99999
5.151887547e-01  0.77235  0.99990  1.00000  0.97014  1.00000  1.00000  1.00000  1.00000  1.00000  0.79622  0.99997
5.177646985e-01  0.77461  0.99995  1.00000  0.96862  1.00000  1.00000  1.00000  1.00000  1.00000  0.79981  0.99991
5.203535220e-01  0.77656  0.99995  1.00000  0.96690  1.00000  1.00000  1.00000  1.00000  1.00000  0.80335  0.99979
5.229552896e-01  0.77707  0.99971  1.00000  0.96389  1.00000  1.00000  1.00000  1.00000  1.00000  0.80683  0.99949
5.255700660e-01  0.77630  0.99944  1.00000  0.95965  1.00000  1.00000  1.00000  1.00000  1.00000  0.81026  0.99892
5.281979164e-01  0.77512  0.99952  1.00000  0.95498  1.00000  1.00000  1.00000  1.00000  1.00000  0.81363  0.99805
5.308389059e-01  0.77456  0.99966  1.00000  0.95106  1.00000  1.00000  1.00000  1.00000  1.00000  0.81696  0.99723
5.334931005e-01  0.77631  0.99984  1.00000  0.94917  1.00000  1.00000  1.00000  1.00000  1.00000  0.82022  0.99731
5.361605660e-01  0.78032  0.99973  1.00000  0.94902  1.00000  1.00000  1.00000  1.00000  1.00000  0.82344  0.99881
5.388413688e-01  0.78281  0.99885  1.00000  0.94846  1.00000  1.00000  1.00000  1.00000  1.00000  0.82661  0.99963
5.415355756e-01  0.78118  0.99511  1.00000  0.94622  1.00000  1.00000  1.00000  1.00000  1.00000  0.82972  0.99989
5.442432535e-01  0.78291  0.99647  1.00000  0.94350  1.00000  1.00000  1.00000  1.00000  1.00000  0.83279  0.99994
5.469644698e-01  0.78414  0.99652  1.00000  0.94152  1.00000  1.00000  1.00000  1.00000  1.00000  0.83580  0.99994
5.496992921e-01  0.78758  0.99890  1.00000  0.94010  1.00000  1.00000  1.00000  1.00000  1.00000  0.83877  0.99990
5.524477886e-01  0.78953  0.99973  1.00000  0.93852  1.00000  1.00000  1.00000  1.00000  1.00000  0.84169  0.99974
5.552100275e-01  0.79020  0.99993  1.00000  0.93625  1.00000  1.00000  1.00000  1.00000  1.00000  0.84456  0.99941
5.579860777e-01  0.78950  0.99993  1.00000  0.93279  1.00000  1.00000  1.00000  1.00000  1.00000  0.84738  0.99890
5.607760081e-01  0.78734  0.99980  1.00000  0.92814  1.00000  1.00000  1.00000  1.00000  1.00000  0.85016  0.99802
5.635798881e-01  0.78485  0.99973  1.00000  0.92375  1.00000  1.00000  1.00000  1.00000  1.00000  0.85289  0.99645
5.663977875e-01  0.78129  0.99872  1.00000  0.92050  1.00000  1.00000  1.00000  1.00000  1.00000  0.85557  0.99330
5.692297765e-01  0.77017  0.98994  1.00000  0.91770  1.00000  1.00000  1.00000  1.00000  1.00000  0.85821  0.98782
5.720759254e-01  0.76830  0.99500  1.00000  0.91525  1.00000  1.00000  1.00000  1.00000  1.00000  0.86081  0.98007
5.749363050e-01  0.76371  0.99442  1.00000  0.91449  1.00000  1.00000  1.00000  0.99998  1.00000  0.86336  0.97274
5.778109865e-01  0.76768  0.99742  1.00000  0.91601  1.00000  1.00000  1.00000  0.99942  1.00000  0.86587  0.97095
5.807000414e-01  0.78162  0.99893  1.00000  0.91829  1.00000  1.00000  1.00000  0.99931  1.00000  0.86834  0.98194
5.836035417e-01  0.79397  0.99823  1.00000  0.92017  1.00000  1.00000  1.00000  0.99994  1.00000  0.87076  0.99272
5.865215594e-01  0.79652  0.99294  1.00000  0.92114  1.00000  1.00000  1.00000  1.00000  1.00000  0.87315  0.99738
5.894541672e-01  0.76646  0.95199  1.00000  0.92077  1.00000  1.00000  1.00000  1.00000  1.00000  0.87549  0.99875
5.924014380e-01  0.77097  0.95681  1.00000  0.91866  1.00000  1.00000  1.00000  1.00000  1.00000  0.87779  0.99923
5.953634452e-01  0.77352  0.96170  1.00000  0.91443  1.00000  1.00000  1.00000  1.00000  1.00000  0.88005  0.99948
5.983402624e-01  0.78862  0.98253  1.00000  0.91000  1.00000  1.00000  1.00000  1.00000  1.00000  0.88228  0.99972
6.013319637e-01  0.79875  0.99520  1.00000  0.90759  1.00000  1.00000  1.00000  1.00000  1.00000  0.88446  0.99984
6.043386235e-01  0.80431  0.99928  1.00000  0.90808  1.00000  1.00000  1.00000  1.00000  1.00000  0.88661  0.99971
6.073603167e-01  0.80932  0.99982  1.00000  0.91133  1.00000  1.00000  1.00000  1.00000  1.00000  0.88872  0.99943
6.103971182e-01  0.81492  0.99996  1.00000  0.91581  1.00000  1.00000  1.00000  1.00000  1.00000  0.89079  0.99895
6.134491038e-01  0.82018  0.99998  1.00000  0.92028  1.00000  1.00000  0.99999  1.00000  1.00000  0.89283  0.99823
6.165163494e-01  0.82446  0.99997  1.00000  0.92420  1.00000  1.00000  0.99999  1.00000  1.00000  0.89483  0.99697
6.195989311e-01  0.82702  0.99994  1.00000  0.92733  1.00000  1.00000  0.99998  1.00000  1.00000  0.89680  0.99453
6.226969258e-01  0.82763  0.99987  1.00000  0.92995  1.00000  1.00000  0.99999  1.00000  1.00000  0.89873  0.99041
6.258104104e-01  0.82467  0.99779  1.00000  0.93251  1.00000  1.00000  1.00000  0.99934  1.00000  0.90063  0.98471
6.289394624e-01  0.78818  0.99231  1.00000  0.93534  1.00000  1.00000  1.00000  0.95676  1.00000  0.90249  0.98060
6.320841597e-01  0.82289  0.99572  1.00000  0.93827  1.00000  1.00000  1.00000  0.99188  1.00000  0.90432  0.98163
6.352445805e-01  0.83900  0.99606  1.00000  0.94139  1.00000  1.00000  1.00000  0.99986  1.00000  0.90612  0.98758
6.384208035e-01  0.85021  0.99748  1.00000  0.94480  1.00000  1.00000  1.00000  1.00000  1.00000  0.90789  0.99368
6.416129075e-01  0.85811  0.99741  1.00000  0.94821  1.00000  1.00000  1.00000  1.00000  1.00000  0.90962  0.99747
6.448209720e-01  0.85769  0.99043  1.00000  0.95108  1.00000  1.00000  1.00000  1.00000  1.00000  0.91132  0.99913
6.480450769e-01  0.83223  0.95631  1.00000  0.95373  1.00000  1.00000  1.00000  1.00000  1.00000  0.91300  0.99942
6.512853022e-01  0.85042  0.97295  1.00000  0.95606  1.00000  1.00000  1.00000  1.00000  1.00000  0.91464  0.99955
6.545417288e-01  0.85531  0.97428  1.00000  0.95845  1.00000  1.00000  1.00000  1.00000  1.00000  0.91625  0.99966
6.578144374e-01  0.86896  0.98550  1.00000  0.96082  1.00000  1.00000  1.00000  1.00000  1.00000  0.91784  0.99984
6.611035096e-01  0.88225  0.99646  1.00000  0.96304  1.00000  1.00000  1.00000  1.00000  1.00000  0.91939  0.99996
6.644090271e-01  0.88764  0.99853  1.00000  0.96529  1.00000  1.00000  0.99999  1.00000  1.00000  0.92092  0.99998
6.677310723e-01  0.89227  0.99950  1.00000  0.96780  1.00000  1.00000  0.99999  1.00000  1.00000  0.92242  0.99999
6.710697276e-01  0.89628  0.99990  1.00000  0.97025  1.00000  1.00000  1.00000  1.00000  1.00000  0.92389  0.99996
6.744250763e-01  0.89975  0.99996  1.00000  0.97247  1.00000  1.00000  1.00000  1.00000  1.00000  0.92534  0.99992
6.777972017e-01  0.90280  0.99983  1.00000  0.97445  1.00000  1.00000  1.00000  1.00000  1.00000  0.92676  0.99986
6.811861877e-01  0.90501  0.99922  1.00000  0.97606  1.00000  1.00000  1.00000  1.00000  1.00000  0.92815  0.99977
6.845921186e-01  0.90594  0.99826  1.00000  0.97727  1.00000  1.00000  1.00000  0.99947  1.00000  0.92952  0.99956
6.880150792e-01  0.66631  0.99828  1.00000  0.97890  1.00000  1.00000  1.00000  0.73199  1.00000  0.93086  0.99933
6.914551546e-01  0.81513  0.97496  1.00000  0.98078  1.00000  1.00000  1.00000  0.91068  1.00000  0.93218  0.99927
6.949124304e-01  0.83209  0.91081  1.00000  0.98253  1.00000  1.00000  1.00000  0.99455  1.00000  0.93348  0.99882
6.983869925e-01  0.87503  0.95240  1.00000  0.98412  1.00000  1.00000  0.99999  0.99965  1.00000  0.93474  0.99899
7.018789275e-01  0.86560  0.93934  1.00000  0.98540  1.00000  1.00000  0.99999  0.99997  1.00000  0.93599  0.99912
7.053883221e-01  0.89061  0.96395  1.00000  0.98628  1.00000  1.00000  0.99999  1.00000  1.00000  0.93721  0.99952
7.089152637e-01  0.90436  0.97671  1.00000  0.98698  1.00000  1.00000  1.00000  1.00000  1.00000  0.93842  0.99971
7.124598400e-01  0.91010  0.98133  1.00000  0.98742  1.00000  1.00000  1.00000  1.00000  1.00000  0.93959  0.99961
7.160221392e-01  0.83116  0.89599  1.00000  0.98771  1.00000  1.00000  0.99999  1.00000  1.00000  0.94075  0.99832
7.196022499e-01  0.71189  0.76844  1.00000  0.98886  1.00000  1.00000  0.99997  1.00000  1.00000  0.94189  0.99462
7.232002612e-01  0.76883  0.82770  1.00000  0.99011  1.00000  1.00000  0.99995  1.00000  1.00000  0.94300  0.99493
7.268162625e-01  0.74783  0.80299  1.00000  0.99097  1.00000  1.00000  0.99990  1.00000  1.00000  0.94410  0.99554
7.304503438e-01  0.76777  0.82113  1.00000  0.99182  1.00000  1.00000  0.99994  1.00000  1.00000  0.94517  0.99744
7.341025955e-01  0.87650  0.93459  1.00000  0.99226  1.00000  1.00000  0.99997  1.00000  1.00000  0.94622  0.99889
7.377731085e-01  0.89870  0.95671  1.00000  0.99242  1.00000  1.00000  0.99999  1.00000  1.00000  0.94726  0.99925
7.414619740e-01  0.92793  0.98677  1.00000  0.99235  1.00000  1.00000  1.00000  1.00000  1.00000  0.94827  0.99931
7.451692839e-01  0.93795  0.99710  1.00000  0.99194  1.00000  1.00000  1.00000  1.00000  1.00000  0.94927  0.99900
7.488951303e-01  0.94011  0.99906  1.00000  0.99209  1.00000  1.00000  1.00000  1.00000  1.00000  0.95024  0.99817
7.526396060e-01  0.94167  0.99960  1.00000  0.99336  1.00000  1.00000  1.00000  1.00000  1.00000  0.95120  0.99700
7.564028040e-01  0.94115  0.99975  1.00000  0.99450  1.00000  1.00000  1.00000  0.99957  1.00000  0.95214  0.99460
7.601848180e-01  0.35089  0.99984  1.00000  0.99511  1.00000  1.00000  1.00000  0.37444  1.00000  0.95306  0.98751
7.639857421e-01  0.46979  0.99995  1.00000  0.99542  1.00000  1.00000  1.00000  0.50153  1.00000  0.95397  0.98612
7.678056708e-01  0.83656  0.99998  1.00000  0.99556  1.00000  1.00000  0.99999  0.88433  1.00000  0.95486  0.99481
7.716446992e-01  0.93887  0.99995  1.00000  0.99533  1.00000  1.00000  0.99999  0.98831  1.00000  0.95573  0.99866
7.755029227e-01  0.95030  0.99988  1.00000  0.99459  1.00000  1.00000  0.99999  0.99932  1.00000  0.95659  0.99964
7.793804373e-01  0.95132  0.99964  1.00000  0.99415  1.00000  1.00000  0.99998  0.99998  1.00000  0.95742  0.99986
7.832773395e-01  0.95129  0.99795  0.99997  0.99488  1.00000  1.00000  0.99998  1.00000  1.00000  0.95825  0.99995
7.871937262e-01  0.93314  0.97721  0.99999  0.99588  1.00000  1.00000  0.99998  1.00000  1.00000  0.95905  0.99981
7.911296948e-01  0.92126  0.96360  0.99999  0.99655  1.00000  1.00000  0.99998  1.00000  1.00000  0.95985  0.99953
7.950853433e-01  0.92885  0.97029  1.00000  0.99705  1.00000  1.00000  0.99997  1.00000  1.00000  0.96062  0.99951
7.990607700e-01  0.91831  0.95829  1.00000  0.99731  1.00000  1.00000  0.99997  1.00000  1.00000  0.96139  0.99948
8.030560739e-01  0.92210  0.96136  1.00000  0.99740  1.00000  1.00000  0.99998  1.00000  1.00000  0.96213  0.99951
8.070713542e-01  0.93676  0.97607  1.00000  0.99716  1.00000  1.00000  0.99999  1.00000  1.00000  0.96287  0.99958
8.111067110e-01  0.87962  0.91696  1.00000  0.99649  1.00000  1.00000  0.99999  1.00000  1.00000  0.96359  0.99901
8.151622446e-01  0.72512  0.75800  1.00000  0.99589  1.00000  1.00000  1.00000  1.00000  1.00000  0.96429  0.99603
8.192380558e-01  0.78190  0.81865  1.00000  0.99612  1.00000  1.00000  1.00000  1.00000  1.00000  0.96499  0.99357
8.233342461e-01  0.75709  0.79065  1.00000  0.99711  1.00000  1.00000  1.00000  1.00000  1.00000  0.96567  0.99439
8.274509173e-01  0.80542  0.83884  1.00000  0.99801  1.00000  1.00000  1.00000  1.00000  1.00000  0.96633  0.99558
8.315881719e-01  0.83743  0.86935  1.00000  0.99853  1.00000  1.00000  1.00000  1.00000  1.00000  0.96699  0.99763
8.357461127e-01  0.89949  0.93149  1.00000  0.99872  1.00000  1.00000  0.99999  1.00000  1.00000  0.96763  0.99922
8.399248433e-01  0.93264  0.96477  1.00000  0.99872  1.00000  1.00000  0.99998  1.00000  1.00000  0.96826  0.99968
8.441244675e-01  0.95307  0.98532  1.00000  0.99855  1.00000  1.00000  0.99999  1.00000  1.00000  0.96887  0.99980
8.483450899e-01  0.95894  0.99115  1.00000  0.99809  1.00000  1.00000  0.99999  1.00000  1.00000  0.96948  0.99987
8.525868153e-01  0.95718  0.98943  1.00000  0.99736  1.00000  1.00000  0.99998  1.00000  1.00000  0.97007  0.99990
8.568497494e-01  0.96352  0.99519  1.00000  0.99752  1.00000  1.00000  0.99996  1.00000  1.00000  0.97066  0.99996
8.611339981e-01  0.96755  0.99831  1.00000  0.99816  1.00000  1.00000  0.99990  0.99985  1.00000  0.97123  0.99999
8.654396681e-01  0.96998  0.99963  1.00000  0.99880  1.00000  1.00000  0.99989  0.99982  1.00000  0.97179  0.99999
8.697668665e-01  0.97112  0.99978  0.99993  0.99918  1.00000  1.00000  0.99992  0.99995  1.00000  0.97234  0.99998
8.741157008e-01  0.97151  0.99934  0.99998  0.99936  1.00000  1.00000  0.99994  1.00000  1.00000  0.97288  0.99997
8.784862793e-01  0.97015  0.99752  1.00000  0.99936  1.00000  1.00000  0.99983  1.00000  1.00000  0.97340  0.99994
8.828787107e-01  0.96756  0.99540  1.00000  0.99926  1.00000  1.00000  0.99891  1.00000  1.00000  0.97392  0.99988
8.872931042e-01  0.96132  0.98893  1.00000  0.99911  1.00000  1.00000  0.99871  1.00000  1.00000  0.97443  0.99974
8.917295698e-01  0.93872  0.96577  1.00000  0.99912  1.00000  1.00000  0.99896  1.00000  1.00000  0.97493  0.99888
8.961882176e-01  0.74732  0.77142  1.00000  0.99891  1.00000  1.00000  0.99914  1.00000  1.00000  0.97542  0.99473
9.006691587e-01  0.70619  0.73250  1.00000  0.99894  1.00000  1.00000  0.99956  1.00000  1.00000  0.97590  0.98931
9.051725045e-01  0.76842  0.79606  1.00000  0.99926  1.00000  1.00000  0.99985  1.00000  1.00000  0.97637  0.98949
9.096983670e-01  0.70340  0.72851  1.00000  0.99954  1.00000  1.00000  0.99995  1.00000  1.00000  0.97683  0.98894
9.142468589e-01  0.68153  0.70493  1.00000  0.99968  1.00000  1.00000  0.99996  1.00000  1.00000  0.97728  0.98959
9.188180931e-01  0.75192  0.77540  1.00000  0.99975  1.00000  1.00000  0.99998  1.00000  1.00000  0.97773  0.99200
9.234121836e-01  0.77608  0.79992  0.99998  0.99976  1.00000  1.00000  0.99999  1.00000  1.00000  0.97816  0.99191
9.280292445e-01  0.63033  0.65483  1.00000  0.99974  1.00000  1.00000  1.00000  1.00000  1.00000  0.97859  0.98051
9.326693908e-01  0.26100  0.28239  0.99999  0.99974  1.00000  1.00000  1.00000  1.00000  1.00000  0.97901  0.94049
9.373327377e-01  0.26016  0.29358  1.00000  0.99962  1.00000  1.00000  1.00000  1.00000  1.00000  0.97942  0.90449
9.420194014e-01  0.36012  0.40140  1.00000  0.99933  1.00000  1.00000  1.00000  1.00000  1.00000  0.97982  0.91636
9.467294984e-01  0.32617  0.35914  1.00000  0.99934  1.00000  1.00000  0.99999  1.00000  1.00000  0.98021  0.92682
9.514631459e-01  0.33293  0.35841  1.00000  0.99966  1.00000  1.00000  0.99998  1.00000  1.00000  0.98060  0.94703
9.562204616e-01  0.44151  0.46304  1.00000  0.99978  1.00000  1.00000  0.99997  1.00000  1.00000  0.98098  0.97170
9.610015639e-01  0.46422  0.48099  1.00000  0.99986  1.00000  1.00000  0.99993  1.00000  1.00000  0.98135  0.98343
9.658065718e-01  0.61798  0.63716  1.00000  0.99989  1.00000  1.00000  0.99986  1.00000  1.00000  0.98172  0.98793
9.706356046e-01  0.81021  0.83205  1.00000  0.99994  1.00000  1.00000  0.99970  1.00000  1.00000  0.98208  0.99184
9.754887826e-01  0.73169  0.75017  1.00000  0.99996  1.00000  1.00000  0.99974  1.00000  1.00000  0.98243  0.99301
9.803662265e-01  0.80626  0.82360  1.00000  0.99997  1.00000  1.00000  0.99962  1.00000  1.00000  0.98277  0.99644
9.852680577e-01  0.90681  0.92377  1.00000  0.99990  1.00000  1.00000  0.99962  1.00000  1.00000  0.98311  0.99895
9.901943980e-01  0.95678  0.97411  1.00000  0.99964  1.00000  1.00000  0.99939  1.00000  1.00000  0.98344  0.99971
9.951453700e-01  0.96901  0.98599  1.00000  0.99966  1.00000  1.00000  0.99947  1.00000  1.00000  0.98376  0.99986
1.000121097e+00  0.96972  0.98622  1.00000  0.99989  1.00000  1.00000  0.99940  1.00000  1.00000  0.98408  0.99988
1.005121702e+00  0.96917  0.98524  1.00000  0.99995  1.00000  1.00000  0.99947  1.00000  1.00000  0.98439  0.99986
1.010147311e+00  0.96574  0.98137  1.00000  0.99997  1.00000  1.00000  0.99954  1.00000  1.00000  0.98470  0.99984
1.015198047e+00  0.97619  0.99161  1.00000  0.99998  1.00000  1.00000  0.99957  1.00000  1.00000  0.98500  0.99988
1.020274038e+00  0.97614  0.99112  1.00000  0.99999  1.00000  1.00000  0.99970  1.00000  1.00000  0.98529  0.99990
1.025375408e+00  0.97662  0.99119  1.00000  0.99999  1.00000  1.00000  0.99979  1.00000  1.00000  0.98558  0.99992
1.030502285e+00  0.98212  0.99637  0.99999  0.99999  1.00000  1.00000  0.99988  1.00000  1.00000  0.98586  0.99997
1.035654796e+00  0.98478  0.99907  0.99983  0.99999  1.00000  1.00000  0.99993  1.00000  1.00000  0.98614  0.99979
1.040833070e+00  0.98208  0.99933  0.99982  0.99997  1.00000  1.00000  0.99996  1.00000  1.00000  0.98641  0.99652
1.046037236e+00  0.97651  0.99971  0.99993  0.99992  1.00000  1.00000  0.99998  1.00000  1.00000  0.98668  0.99016
1.051267422e+00  0.97097  0.99970  0.99901  0.99994  1.00000  1.00000  0.99999  1.00000  1.00000  0.98694  0.98514
1.056523759e+00  0.96370  0.99938  0.99986  0.99998  1.00000  1.00000  1.00000  0.99994  1.00000  0.98720  0.97701
1.061806378e+00  0.95375  0.99842  0.99992  0.99999  1.00000  1.00000  1.00000  0.99963  1.00000  0.98745  0.96783
1.067115410e+00  0.94959  0.99473  0.99989  0.99999  1.00000  1.00000  1.00000  0.99878  1.00000  0.98770  0.96774
1.072450987e+00  0.95760  0.99027  0.99998  0.99999  1.00000  1.00000  1.00000  0.99970  1.00000  0.98794  0.97911
1.077813242e+00  0.94786  0.97040  0.99999  0.99999  1.00000  1.00000  1.00000  0.99995  1.00000  0.98817  0.98851
1.083202308e+00  0.94148  0.95877  1.00000  1.00000  1.00000  1.00000  1.00000  0.99999  1.00000  0.98841  0.99351
1.088618319e+00  0.91799  0.93298  1.00000  1.00000  1.00000  1.00000  0.99998  1.00000  1.00000  0.98863  0.99527
1.094061411e+00  0.86831  0.88202  0.99999  1.00000  1.00000  1.00000  0.99994  1.00000  1.00000  0.98886  0.99560
1.099531718e+00  0.79794  0.81093  1.00000  1.00000  1.00000  1.00000  0.99995  1.00000  1.00000  0.98908  0.99485
1.105029377e+00  0.72094  0.73451  1.00000  1.00000  1.00000  1.00000  0.99992  1.00000  1.00000  0.98929  0.99211
1.110554523e+00  0.59041  0.60580  0.99999  1.00000  1.00000  1.00000  0.99972  1.00000  1.00000  0.98950  0.98407
1.116107296e+00  0.31949  0.33739  0.99996  1.00000  1.00000  1.00000  0.99929  1.00000  1.00000  0.98971  0.95361
1.121687832e+00  0.16951  0.19470  1.00000  1.00000  1.00000  1.00000  0.99825  1.00000  1.00000  0.98991  0.88442
1.127296272e+00  0.11479  0.13826  0.99999  1.00000  1.00000  1.00000  0.99739  1.00000  1.00000  0.99011  0.83917
1.132932753e+00  0.18823  0.22342  0.99994  1.00000  1.00000  1.00000  0.99743  1.00000  1.00000  0.99030  0.85408
1.138597417e+00  0.37745  0.43443  0.99999  1.00000  1.00000  1.00000  0.99827  1.00000  1.00000  0.99049  0.87757
1.144290404e+00  0.22278  0.25190  1.00000  1.00000  1.00000  1.00000  0.99830  1.00000  1.00000  0.99068  0.89447
1.150011856e+00  0.33480  0.36600  0.99999  1.00000  1.00000  1.00000  0.99651  1.00000  1.00000  0.99086  0.92497
1.155761915e+00  0.43372  0.45270  0.99999  1.00000  1.00000  1.00000  0.99438  1.00000  1.00000  0.99104  0.96737
1.161540725e+00  0.63296  0.64727  1.00000  1.00000  1.00000  1.00000  0.99386  1.00000  1.00000  0.99122  0.99068
1.167348428e+00  0.73895  0.75153  1.00000  1.00000  1.00000  1.00000  0.99503  1.00000  1.00000  0.99139  0.99543
1.173185171e+00  0.75160  0.76279  1.00000  1.00000  1.00000  1.00000  0.99705  1.00000  1.00000  0.99156  0.99602
1.179051096e+00  0.78258  0.79459  1.00000  1.00000  1.00000  1.00000  0.99814  1.00000  1.00000  0.99173  0.99460
1.184946352e+00  0.81223  0.82478  1.00000  1.00000  1.00000  1.00000  0.99876  1.00000  1.00000  0.99189  0.99388
1.190871084e+00  0.80445  0.81582  1.00000  1.00000  1.00000  1.00000  0.99881  1.00000  1.00000  0.99205  0.99483
1.196825439e+00  0.80703  0.81798  0.99977  1.00000  1.00000  1.00000  0.99947  1.00000  1.00000  0.99221  0.99485
1.202809566e+00  0.82610  0.84137  0.98863  1.00000  1.00000  1.00000  0.99964  1.00000  1.00000  0.99236  0.99405
1.208823614e+00  0.85708  0.87330  0.98776  1.00000  1.00000  1.00000  0.99986  1.00000  1.00000  0.99251  0.99401
1.214867732e+00  0.87271  0.88647  0.99669  1.00000  1.00000  1.00000  0.99990  1.00000  1.00000  0.99266  0.99373
1.220942071e+00  0.90686  0.92824  0.98692  1.00000  1.00000  1.00000  0.99995  1.00000  1.00000  0.99280  0.99217
1.227046781e+00  0.92864  0.94736  0.99714  1.00000  1.00000  1.00000  0.99994  1.00000  1.00000  0.99294  0.98908
1.233182015e+00  0.95980  0.98187  0.99940  1.00000  1.00000  1.00000  0.99993  1.00000  1.00000  0.99308  0.98496
1.239347925e+00  0.96690  0.99462  0.99981  1.00000  1.00000  1.00000  0.99997  0.99996  1.00000  0.99322  0.97901
1.245544665e+00  0.96066  0.99815  0.99999  1.00000  1.00000  1.00000  0.99998  0.99899  1.00000  0.99335  0.96986
1.251772388e+00  0.93806  0.99806  0.99993  1.00000  1.00000  1.00000  0.99999  0.99424  1.00000  0.99348  0.95143
1.258031250e+00  0.88834  0.99856  0.99993  1.00000  1.00000  1.00000  0.99999  0.97414  1.00000  0.99361  0.91884
1.264321406e+00  0.78450  0.99640  0.99991  1.00000  1.00000  1.00000  0.99999  0.89886  1.00000  0.99374  0.87977
1.270643013e+00  0.74516  0.99442  0.99999  1.00000  1.00000  1.00000  1.00000  0.83747  1.00000  0.99386  0.89617
1.276996228e+00  0.89678  0.98851  1.00000  1.00000  1.00000  1.00000  1.00000  0.96179  1.00000  0.99398  0.94559
1.283381209e+00  0.95418  0.99172  0.99998  1.00000  0.99995  1.00000  1.00000  0.99446  1.00000  0.99410  0.97269
1.289798116e+00  0.93994  0.96277  0.99929  1.00000  0.99998  1.00000  0.99999  0.99836  1.00000  0.99422  0.98343
1.296247106e+00  0.90710  0.92354  0.99931  1.00000  1.00000  1.00000  0.99998  0.99985  1.00000  0.99433  0.98829
1.302728342e+00  0.83202  0.84617  0.99998  1.00000  1.00000  1.00000  0.99989  0.99998  1.00000  0.99444  0.98886
1.309241983e+00  0.80160  0.81726  0.99997  1.00000  1.00000  1.00000  0.99952  1.00000  1.00000  0.99455  0.98646
1.315788193e+00  0.69034  0.70830  0.99663  1.00000  1.00000  1.00000  0.99824  1.00000  1.00000  0.99466  0.98129
1.322367134e+00  0.63840  0.65978  0.99888  1.00000  1.00000  1.00000  0.99714  1.00000  1.00000  0.99476  0.97328
1.328978970e+00  0.47758  0.50026  0.99997  1.00000  1.00000  1.00000  0.99463  1.00000  1.00000  0.99487  0.95882
1.335623865e+00  0.43709  0.46986  0.99908  1.00000  1.00000  1.00000  0.99747  1.00000  1.00000  0.99497  0.93586
1.342301984e+00  0.31943  0.36360  0.99890  1.00000  1.00000  1.00000  0.99514  1.00000  1.00000  0.99507  0.87448
1.349013494e+00  0.04613  0.06574  0.99987  1.00000  1.00000  1.00000  0.99614  1.00000  1.00000  0.99516  0.67631
1.355758561e+00  0.00174  0.00352  0.99998  1.00000  1.00000  1.00000  0.99475  1.00000  1.00000  0.99526  0.30502
1.362537354e+00  0.00003  0.00022  0.99998  1.00000  1.00000  1.00000  0.99537  1.00000  1.00000  0.99535  0.09266
1.369350041e+00  0.00003  0.00043  0.99993  1.00000  1.00000  1.00000  0.99538  1.00000  1.00000  0.99544  0.07219
1.376196791e+00  0.00040  0.00390  0.99993  1.00000  1.00000  1.00000  0.99472  1.00000  1.00000  0.99553  0.10109
1.383077775e+00  0.00010  0.00087  0.99999  1.00000  0.99999  1.00000  0.99369  1.00000  1.00000  0.99562  0.11485
1.389993164e+00  0.00068  0.00520  0.99999  1.00000  0.99999  1.00000  0.99419  1.00000  1.00000  0.99571  0.13160
1.396943130e+00  0.00069  0.00432  1.00000  1.00000  0.99999  1.00000  0.99488  1.00000  1.00000  0.99579  0.16414
1.403927846e+00  0.00257  0.00943  1.00000  1.00000  0.99999  1.00000  0.99459  1.00000  1.00000  0.99588  0.28793
1.410947485e+00  0.00909  0.01573  1.00000  1.00000  1.00000  1.00000  0.99524  1.00000  1.00000  0.99596  0.53333
1.418002222e+00  0.02369  0.03226  1.00000  1.00000  1.00000  1.00000  0.99695  1.00000  1.00000  0.99604  0.74840
1.425092233e+00  0.05614  0.06813  0.99971  1.00000  1.00000  1.00000  0.99784  1.00000  1.00000  0.99611  0.82606
1.432217694e+00  0.08301  0.10276  0.77241  1.00000  1.00000  1.00000  0.99875  1.00000  1.00000  0.99619  0.82530
1.439378783e+00  0.08567  0.10876  0.87028  1.00000  1.00000  1.00000  0.99921  1.00000  1.00000  0.99627  0.81140
1.446575677e+00  0.13245  0.16200  0.97257  1.00000  1.00000  1.00000  0.99944  1.00000  1.00000  0.99634  0.82200
1.453808555e+00  0.20309  0.23694  0.99726  1.00000  0.99999  1.00000  0.99961  1.00000  1.00000  0.99641  0.85558
1.461077598e+00  0.28023  0.32150  0.99984  1.00000  0.99999  1.00000  0.99973  1.00000  1.00000  0.99648  0.87449
1.468382986e+00  0.13991  0.16039  0.99732  1.00000  1.00000  1.00000  0.99962  1.00000  1.00000  0.99655  0.87637
1.475724901e+00  0.27507  0.30560  0.99593  1.00000  1.00000  1.00000  0.99959  1.00000  1.00000  0.99662  0.90477
1.483103525e+00  0.27632  0.29258  0.99842  1.00000  1.00000  1.00000  0.99977  1.00000  1.00000  0.99669  0.94676
1.490519043e+00  0.51423  0.52849  0.99943  1.00000  1.00000  1.00000  0.99990  1.00000  1.00000  0.99675  0.97599
1.497971638e+00  0.67923  0.68919  0.99889  1.00000  1.00000  1.00000  0.99994  1.00000  1.00000  0.99682  0.98871
1.505461496e+00  0.68567  0.69187  0.99991  1.00000  1.00000  1.00000  0.99995  1.00000  1.00000  0.99688  0.99413
1.512988804e+00  0.84031  0.84566  0.99999  1.00000  0.99982  1.00000  0.99996  1.00000  1.00000  0.99694  0.99687
1.520553748e+00  0.90420  0.90862  0.99985  1.00000  0.99978  1.00000  0.99998  1.00000  1.00000  0.99700  0.99841
1.528156517e+00  0.92691  0.93381  0.99584  1.00000  0.99989  1.00000  0.99999  1.00000  1.00000  0.99706  0.99911
1.535797299e+00  0.95466  0.97045  0.98540  1.00000  0.99998  1.00000  0.99999  1.00000  1.00000  0.99712  0.99946
1.543476286e+00  0.97149  0.98182  0.99192  1.00000  1.00000  1.00000  0.99999  1.00000  1.00000  0.99717  0.99964
1.551193667e+00  0.98476  0.98823  0.99947  1.00000  1.00000  1.00000  0.99999  1.00000  1.00000  0.99723  0.99974
1.558949636e+00  0.98947  0.99248  0.99988  1.00000  1.00000  0.99999  0.99999  1.00000  1.00000  0.99728  0.99980
1.566744384e+00  0.96436  0.99219  0.97427  1.00000  0.99998  0.99997  0.99999  1.00000  1.00000  0.99734  0.99983
1.574578106e+00  0.89448  0.99373  0.90116  0.99999  0.99999  0.99999  1.00000  1.00000  1.00000  0.99739  0.99985
1.582450996e+00  0.95550  0.99392  0.96290  1.00000  0.99997  0.99998  1.00000  1.00000  1.00000  0.99744  0.99985
1.590363251e+00  0.98752  0.99322  0.99686  1.00000  0.99997  0.99999  0.99999  1.00000  1.00000  0.99749  0.99985
1.598315067e+00  0.93093  0.99241  0.93934  1.00000  0.99999  1.00000  0.99996  1.00000  1.00000  0.99754  0.99983
1.606306643e+00  0.90729  0.99707  0.91147  1.00000  0.99999  1.00000  0.99987  1.00000  1.00000  0.99759  0.99982
1.614338176e+00  0.96298  0.99669  0.96864  1.00000  0.99999  1.00000  0.99929  1.00000  1.00000  0.99764  0.99980
1.622409867e+00  0.98820  0.99794  0.99570  1.00000  0.99999  1.00000  0.99696  1.00000  1.00000  0.99768  0.99977
1.630521916e+00  0.98490  0.99733  0.99836  0.99999  1.00000  1.00000  0.99155  1.00000  1.00000  0.99773  0.99971
1.638674526e+00  0.96788  0.99606  0.99035  1.00000  1.00000  1.00000  0.98111  1.00000  1.00000  0.99778  0.99963
1.646867898e+00  0.95436  0.99255  0.98893  1.00000  1.00000  1.00000  0.97020  1.00000  1.00000  0.99782  0.99954
1.655102238e+00  0.97177  0.98953  0.99596  1.00000  1.00000  1.00000  0.98618  1.00000  1.00000  0.99786  0.99942
1.663377749e+00  0.93887  0.98580  0.99875  1.00000  0.99999  1.00000  0.95385  1.00000  1.00000  0.99790  0.99927
1.671694638e+00  0.97238  0.98889  0.99958  1.00000  0.99976  1.00000  0.98541  1.00000  1.00000  0.99795  0.99905
1.680053111e+00  0.97297  0.98664  0.99981  1.00000  0.99987  1.00000  0.98715  1.00000  1.00000  0.99799  0.99873
1.688453377e+00  0.96462  0.97860  0.99994  1.00000  0.99995  1.00000  0.98710  1.00000  1.00000  0.99803  0.99825
1.696895643e+00  0.94203  0.95610  0.99998  1.00000  0.99992  1.00000  0.98698  1.00000  1.00000  0.99806  0.99760
1.705380122e+00  0.93293  0.95501  0.99986  1.00000  0.99995  1.00000  0.97938  1.00000  1.00000  0.99810  0.99663
1.713907022e+00  0.92975  0.94281  0.99992  1.00000  0.99999  1.00000  0.99039  1.00000  1.00000  0.99814  0.99519
1.722476557e+00  0.88949  0.90782  0.99998  0.99999  1.00000  1.00000  0.98420  1.00000  1.00000  0.99818  0.99315
1.731088940e+00  0.87953  0.89874  1.00000  0.99998  0.99999  1.00000  0.98614  1.00000  1.00000  0.99821  0.99037
1.739744385e+00  0.84534  0.86309  1.00000  0.99999  1.00000  1.00000  0.99191  1.00000  1.00000  0.99825  0.98643
1.748443107e+00  0.78894  0.80781  1.00000  1.00000  1.00000  1.00000  0.99517  1.00000  1.00000  0.99828  0.98124
1.757185322e+00  0.78241  0.80725  0.99991  0.99998  1.00000  1.00000  0.99577  1.00000  1.00000  0.99832  0.97355
1.765971249e+00  0.70564  0.73684  0.99996  0.99999  0.99976  1.00000  0.99291  1.00000  1.00000  0.99835  0.96293
1.774801105e+00  0.60044  0.63703  0.99999  1.00000  0.99982  1.00000  0.99030  1.00000  1.00000  0.99838  0.94716
1.783675111e+00  0.47204  0.51157  0.99994  1.00000  0.99995  1.00000  0.99333  1.00000  1.00000  0.99841  0.92558
1.792593486e+00  0.32493  0.36560  0.99995  1.00000  1.00000  1.00000  0.98510  1.00000  1.00000  0.99845  0.88832
1.801556454e+00  0.15169  0.18103  0.99997  0.99999  0.99999  1.00000  0.99485  1.00000  1.00000  0.99848  0.82076
1.810564236e+00  0.04216  0.05799  0.99999  0.99995  0.99999  1.00000  0.99436  1.00000  1.00000  0.99851  0.69312
1.819617057e+00  0.01463  0.02956  1.00000  0.99997  1.00000  1.00000  0.99621  1.00000  1.00000  0.99854  0.46771
1.828715142e+00  0.00052  0.00196  1.00000  0.99999  1.00000  1.00000  0.99779  1.00000  1.00000  0.99856  0.21606
1.837858718e+00  0.00004  0.00040  1.00000  1.00000  1.00000  1.00000  0.99820  1.00000  1.00000  0.99859  0.08263
1.847048012e+00  0.00006  0.00133  1.00000  1.00000  1.00000  1.00000  0.99891  1.00000  1.00000  0.99862  0.03907
1.856283252e+00  0.00003  0.00077  0.99999  1.00000  1.00000  1.00000  0.99912  1.00000  1.00000  0.99865  0.03399
1.865564668e+00  0.00010  0.00259  0.99936  1.00000  1.00000  1.00000  0.99951  1.00000  1.00000  0.99867  0.03810
1.874892491e+00  0.00007  0.00128  0.99150  0.99999  1.00000  1.00000  0.99975  1.00000  1.00000  0.99870  0.05075
1.884266954e+00  0.00025  0.00361  0.97874  0.99994  1.00000  1.00000  0.99983  1.00000  1.00000  0.99873  0.06983
1.893688289e+00  0.00058  0.00739  0.99745  0.99996  1.00000  1.00000  0.99984  1.00000  1.00000  0.99875  0.07936
1.903156730e+00  0.00005  0.00037  0.99941  0.99999  1.00000  1.00000  0.99980  1.00000  1.00000  0.99878  0.09179
1.912672514e+00  0.00075  0.00365  0.99961  1.00000  1.00000  1.00000  0.99968  1.00000  1.00000  0.99880  0.15524
1.922235876e+00  0.00464  0.01361  0.99968  1.00000  1.00000  1.00000  0.99960  1.00000  1.00000  0.99882  0.30841
1.931847056e+00  0.01379  0.02269  0.99505  1.00000  1.00000  1.00000  0.99981  1.00000  1.00000  0.99885  0.53874
1.941506291e+00  0.04633  0.06380  0.91551  1.00000  0.99992  1.00000  0.99984  1.00000  1.00000  0.99887  0.74683
1.951213822e+00  0.09866  0.15731  0.54150  1.00000  0.99945  1.00000  0.99982  1.00000  1.00000  0.99889  0.86235
1.960969892e+00  0.14706  0.21914  0.46448  0.99999  0.99953  1.00000  0.99990  1.00000  1.00000  0.99891  0.92054
1.970774741e+00  0.42391  0.55901  0.64606  0.99995  0.99973  1.00000  0.99990  1.00000  1.00000  0.99894  0.94873
1.980628615e+00  0.61831  0.65171  0.95578  0.99997  0.99950  1.00000  0.99992  1.00000  1.00000  0.99896  0.96661
1.990531758e+00  0.62335  0.68679  0.91616  0.99999  0.99938  1.00000  0.99996  1.00000  1.00000  0.99898  0.97748
2.000484417e+00  0.22259  0.75752  0.24797  1.00000  0.99964  1.00000  0.99995  1.00000  1.00000  0.99900  0.98473
2.010486839e+00  0.15749  0.80934  0.16717  0.99999  0.99985  1.00000  0.99997  1.00000  1.00000  0.99902  0.98939
2.020539273e+00  0.36612  0.81317  0.39072  0.99997  0.99995  1.00000  0.99998  1.00000  1.00000  0.99904  0.99241
2.030641969e+00  0.76321  0.90603  0.81725  0.99976  0.99988  1.00000  0.99999  1.00000  1.00000  0.99906  0.99391
2.040795179e+00  0.80497  0.91291  0.86311  0.99968  0.99989  1.00000  0.99999  1.00000  1.00000  0.99907  0.99492
2.050999155e+00  0.57996  0.95202  0.59025  0.99986  0.99997  1.00000  1.00000  1.00000  1.00000  0.99909  0.99550
2.061254151e+00  0.58312  0.92746  0.59958  0.99997  1.00000  1.00000  1.00000  1.00000  1.00000  0.99911  0.99579
2.071560421e+00  0.64385  0.94901  0.66030  0.99999  1.00000  1.00000  1.00000  1.00000  1.00000  0.99913  0.99583
2.081918224e+00  0.84577  0.94668  0.88274  0.99999  1.00000  1.00000  0.99999  1.00000  1.00000  0.99914  0.99565
2.092327815e+00  0.90186  0.96598  0.93288  0.99999  0.99978  1.00000  0.99999  1.00000  1.00000  0.99916  0.99515
2.102789454e+00  0.90557  0.92831  0.98201  0.99999  0.99565  1.00000  0.99998  1.00000  0.99999  0.99918  0.99439
2.113303401e+00  0.93564  0.95777  0.99076  1.00000  0.99003  1.00000  0.99994  1.00000  0.99999  0.99919  0.99352
2.123869918e+00  0.92805  0.94187  0.99848  1.00000  0.99342  1.00000  0.99978  1.00000  0.99997  0.99921  0.99282
2.134489268e+00  0.97783  0.98875  0.99919  0.99996  0.99907  1.00000  0.99912  1.00000  0.99997  0.99923  0.99225
2.145161714e+00  0.97480  0.99128  0.99685  0.99948  0.99965  1.00000  0.99630  1.00000  0.99998  0.99924  0.99127
2.155887523e+00  0.91995  0.94152  0.99481  0.99972  0.99856  1.00000  0.99119  1.00000  0.99996  0.99926  0.99011
2.166666960e+00  0.91320  0.93286  0.99624  0.99991  0.99868  1.00000  0.98939  1.00000  0.99999  0.99927  0.99043
2.177500295e+00  0.92295  0.93937  0.99917  0.99996  0.99965  1.00000  0.98736  1.00000  0.99999  0.99929  0.99183
2.188387796e+00  0.90547  0.91709  0.99969  0.99999  0.99997  1.00000  0.99181  1.00000  0.99999  0.99930  0.99244
2.199329735e+00  0.87720  0.92787  0.99991  0.99999  1.00000  1.00000  0.94121  1.00000  0.99999  0.99931  0.99303
2.210326384e+00  0.95796  0.97244  0.99991  0.99995  0.99999  1.00000  0.99123  1.00000  1.00000  0.99933  0.99357
2.221378016e+00  0.94047  0.97146  0.99994  0.99997  0.99997  1.00000  0.96982  1.00000  1.00000  0.99934  0.99380
2.232484906e+00  0.94146  0.99324  0.99997  0.99998  0.99997  1.00000  0.95283  1.00000  1.00000  0.99935  0.99365
2.243647331e+00  0.92312  0.99460  0.99997  1.00000  0.99945  1.00000  0.93393  1.00000  1.00000  0.99937  0.99312
2.254865567e+00  0.90004  0.99701  0.99992  1.00000  0.98347  1.00000  0.92183  1.00000  1.00000  0.99938  0.99229
2.266139895e+00  0.87545  0.99181  0.99998  0.99999  0.98716  1.00000  0.89514  1.00000  1.00000  0.99939  0.99111
2.277470595e+00  0.88304  0.99789  0.99997  0.99999  0.99128  1.00000  0.89920  1.00000  1.00000  0.99940  0.98958
2.288857948e+00  0.84005  0.97581  0.99999  0.99998  0.99813  1.00000  0.86409  1.00000  1.00000  0.99941  0.98758
2.300302237e+00  0.81515  0.98867  1.00000  0.99988  0.99968  0.99998  0.83389  1.00000  1.00000  0.99943  0.98503
2.311803748e+00  0.84354  0.97794  1.00000  0.99995  0.99990  0.99944  0.87032  1.00000  1.00000  0.99944  0.98170
2.323362767e+00  0.82530  0.92481  1.00000  0.99999  0.99996  0.99687  0.89622  1.00000  1.00000  0.99945  0.97757
2.334979581e+00  0.79166  0.91736  1.00000  0.99999  0.99999  0.99546  0.86334  1.00000  1.00000  0.99946  0.97235
2.346654479e+00  0.73013  0.89882  1.00000  0.99987  1.00000  0.99903  0.80634  1.00000  1.00000  0.99947  0.96529
2.358387751e+00  0.74984  0.85521  1.00000  0.99993  1.00000  0.99692  0.86679  1.00000  1.00000  0.99948  0.95513
2.370179690e+00  0.62563  0.79631  1.00000  0.99996  1.00000  0.99809  0.75218  1.00000  1.00000  0.99949  0.94236
2.382030589e+00  0.58511  0.65870  0.99999  0.99998  1.00000  0.99886  0.89520  1.00000  1.00000  0.99950  0.92649
2.393940742e+00  0.61996  0.71960  0.99998  0.99998  1.00000  0.99975  0.89131  1.00000  1.00000  0.99951  0.90706
2.405910445e+00  0.55978  0.64920  0.99999  0.99997  1.00000  0.99992  0.94828  1.00000  1.00000  0.99952  0.88266
2.417939997e+00  0.36596  0.43374  1.00000  0.99996  1.00000  0.99995  0.97051  1.00000  1.00000  0.99953  0.85343
2.430029697e+00  0.44349  0.55081  1.00000  0.99997  1.00000  0.99998  0.96851  1.00000  1.00000  0.99954  0.81708
2.442179846e+00  0.45355  0.58930  1.00000  0.99998  0.99999  0.99999  0.98566  1.00000  1.00000  0.99955  0.77445
2.454390745e+00  0.33212  0.46935  1.00000  0.99999  0.99976  1.00000  0.98943  1.00000  1.00000  0.99956  0.71978
2.466662699e+00  0.25610  0.39134  0.99998  0.99998  0.99950  1.00000  0.99403  1.00000  1.00000  0.99957  0.65445
2.478996012e+00  0.11593  0.19718  0.99929  0.99513  0.99991  1.00000  0.99677  1.00000  1.00000  0.99957  0.57784
2.491390992e+00  0.02322  0.04672  0.99905  0.99568  0.99999  1.00000  0.99702  1.00000  1.00000  0.99958  0.49233
2.503847947e+00  0.05231  0.13000  0.99948  0.99726  1.00000  1.00000  0.99744  1.00000  1.00000  0.99959  0.38888
2.516367187e+00  0.00742  0.02763  0.99943  0.99923  1.00000  1.00000  0.99721  1.00000  1.00000  0.99960  0.26601
2.528949023e+00  0.00031  0.00171  0.99985  0.99972  0.99999  1.00000  0.99714  1.00000  1.00000  0.99961  0.14297
2.541593768e+00  0.00004  0.00071  0.99996  0.99988  0.99997  1.00000  0.99801  1.00000  1.00000  0.99961  0.04917
2.554301737e+00  0.00000  0.00015  0.99995  0.99996  0.99999  1.00000  0.98933  1.00000  1.00000  0.99962  0.01105
2.567073246e+00  0.00000  0.00000  0.99994  0.99997  0.99995  1.00000  0.97535  1.00000  1.00000  0.99963  0.00159
2.579908612e+00  0.00000  0.00000  0.99934  0.99993  0.99862  1.00000  0.97989  1.00000  1.00000  0.99964  0.00028
2.592808155e+00  0.00000  0.00000  0.99947  0.99921  0.98178  1.00000  0.97756  1.00000  1.00000  0.99964  0.00007
2.605772196e+00  0.00000  0.00000  0.99410  0.99962  0.98337  1.00000  0.98823  1.00000  1.00000  0.99965  0.00003
2.618801057e+00  0.00000  0.00000  0.99490  0.99983  0.98464  1.00000  0.99451  1.00000  1.00000  0.99966  0.00003
2.631895062e+00  0.00000  0.00001  0.99375  0.99994  0.99668  1.00000  0.99687  1.00000  1.00000  0.99966  0.00003
2.645054537e+00  0.00000  0.00001  0.99809  0.99993  0.99800  1.00000  0.99928  1.00000  1.00000  0.99967  0.00004
2.658279810e+00  0.00000  0.00000  0.67578  0.99989  0.98980  1.00000  0.99953  1.00000  1.00000  0.99968  0.00004
2.671571209e+00  0.00000  0.00000  0.01532  0.99980  0.99285  1.00000  0.99980  1.00000  1.00000  0.99968  0.00004
2.684929065e+00  0.00000  0.00000  0.00003  0.99989  0.99432  1.00000  0.99982  1.00000  1.00000  0.99969  0.00004
2.698353710e+00  0.00000  0.00000  0.00000  0.99656  0.99936  1.00000  0.99990  1.00000  1.00000  0.99970  0.00005
2.711845479e+00  0.00000  0.00000  0.00154  0.99811  0.99991  1.00000  0.99993  1.00000  1.00000  0.99970  0.00006
2.725404706e+00  0.00000  0.00000  0.07460  0.99904  0.99993  1.00000  0.99995  1.00000  1.00000  0.99971  0.00008
2.739031730e+00  0.00000  0.00000  0.04689  0.99967  0.99951  1.00000  0.99996  1.00000  1.00000  0.99971  0.00016
2.752726889e+00  0.00000  0.00000  0.00136  0.99991  0.99866  1.00000  0.99995  1.00000  1.00000  0.99972  0.00043
2.766490523e+00  0.00000  0.00000  0.00002  0.99997  0.99901  1.00000  0.99997  1.00000  1.00000  0.99972  0.00160
2.780322976e+00  0.00000  0.00000  0.00000  0.99998  0.99930  1.00000  0.99999  1.00000  1.00000  0.99973  0.00580
2.794224591e+00  0.00000  0.00003  0.00094  0.99998  0.99989  1.00000  0.99998  1.00000  1.00000  0.99974  0.02217
2.808195713e+00  0.00000  0.00010  0.01511  0.99999  0.99999  1.00000  0.99997  1.00000  1.00000  0.99974  0.06084
2.822236692e+00  0.00011  0.00130  0.14669  0.99999  0.99999  1.00000  0.99997  1.00000  1.00000  0.99975  0.13130
2.836347875e+00  0.00003  0.00019  0.44098  1.00000  0.99989  1.00000  0.99998  1.00000  1.00000  0.99975  0.22773
2.850529615e+00  0.00089  0.00398  0.56073  1.00000  0.87561  1.00000  0.99996  1.00000  1.00000  0.99976  0.33581
2.864782263e+00  0.00315  0.00941  0.80121  1.00000  0.67851  1.00000  0.99997  1.00000  1.00000  0.99976  0.44871
2.879106174e+00  0.01048  0.02082  0.92223  0.99976  0.78021  1.00000  0.99999  1.00000  1.00000  0.99977  0.55397
2.893501705e+00  0.05117  0.08140  0.98531  0.99980  0.82876  1.00000  0.99998  1.00000  1.00000  0.99977  0.64673
2.907969214e+00  0.03410  0.04763  0.99705  0.99981  0.95223  1.00000  0.99998  1.00000  1.00000  0.99977  0.71886
2.922509060e+00  0.08041  0.10379  0.99918  0.99992  0.99147  1.00000  0.99999  1.00000  1.00000  0.99978  0.77317
2.937121605e+00  0.11274  0.13941  0.99966  0.99996  0.99740  1.00000  0.99999  1.00000  1.00000  0.99978  0.81504
2.951807213e+00  0.10920  0.13037  0.99847  0.99998  0.98418  1.00000  0.99998  1.00000  1.00000  0.99979  0.84215
2.966566249e+00  0.09839  0.11582  0.97754  0.99999  0.98076  1.00000  0.99999  1.00000  1.00000  0.99979  0.86062
2.981399080e+00  0.15185  0.17554  0.96601  0.99998  0.97561  1.00000  0.99999  1.00000  1.00000  0.99980  0.87448
2.996306076e+00  0.20717  0.23712  0.99073  0.99996  0.98823  1.00000  0.99998  1.00000  1.00000  0.99980  0.87847
3.011287606e+00  0.18617  0.21373  0.98631  0.99995  0.99684  1.00000  0.99998  1.00000  1.00000  0.99980  0.87361
3.026344044e+00  0.14492  0.16935  0.99353  0.99992  0.99933  1.00000  0.99997  1.00000  1.00000  0.99981  0.85725
3.041475764e+00  0.08315  0.09928  0.99893  0.99993  0.99986  1.00000  0.99996  1.00000  1.00000  0.99981  0.83768
3.056683143e+00  0.07675  0.09409  0.99955  0.99989  0.99997  1.00000  0.99991  1.00000  1.00000  0.99982  0.81752
3.071966559e+00  0.12386  0.15555  0.99982  0.99993  0.99999  1.00000  0.99980  1.00000  1.00000  0.99982  0.79932
3.087326392e+00  0.03858  0.04895  0.99990  0.99996  1.00000  1.00000  0.99971  1.00000  1.00000  0.99982  0.78698
3.102763024e+00  0.05704  0.07288  0.99926  0.99997  1.00000  1.00000  0.99896  1.00000  1.00000  0.99983  0.78335
3.118276839e+00  0.12941  0.16369  0.99644  0.99810  0.99999  1.00000  0.99643  1.00000  1.00000  0.99983  0.79168
3.133868223e+00  0.27305  0.33860  0.99827  0.99709  0.99992  1.00000  0.98393  1.00000  1.00000  0.99983  0.80973
3.149537564e+00  0.20662  0.25169  0.99885  0.99733  0.99984  1.00000  0.95609  1.00000  1.00000  0.99984  0.82667
3.165285252e+00  0.57007  0.70558  0.99736  0.99850  0.99995  1.00000  0.93595  1.00000  1.00000  0.99984  0.82853
3.181111678e+00  0.40762  0.53695  0.99920  0.99923  0.99998  1.00000  0.86541  1.00000  1.00000  0.99984  0.81225
3.197017237e+00  0.07775  0.10244  0.99985  0.99911  0.99999  1.00000  0.74738  1.00000  1.00000  0.99985  0.79072
3.213002323e+00  0.02596  0.03547  0.99990  0.99915  0.99999  1.00000  0.75551  1.00000  1.00000  0.99985  0.77588
3.229067334e+00  0.12092  0.17013  0.99993  0.99651  1.00000  1.00000  0.75837  1.00000  1.00000  0.99985  0.77572
3.245212671e+00  0.19300  0.30193  0.99999  0.99862  0.99999  1.00000  0.69928  1.00000  1.00000  0.99985  0.79061
3.261438734e+00  0.09525  0.13284  1.00000  0.99587  0.99996  1.00000  0.71532  1.00000  1.00000  0.99986  0.81300
3.277745928e+00  0.29673  0.37965  1.00000  0.93852  0.99993  1.00000  0.80026  1.00000  1.00000  0.99986  0.83720
3.294134658e+00  0.18043  0.21998  1.00000  0.95398  0.99998  1.00000  0.81631  1.00000  1.00000  0.99986  0.86430
3.310605331e+00  0.08939  0.23495  1.00000  0.97059  1.00000  1.00000  0.42017  1.00000  1.00000  0.99987  0.89278
3.327158358e+00  0.32932  0.45046  0.99998  0.98767  1.00000  1.00000  0.60433  1.00000  1.00000  0.99987  0.91983
3.343794149e+00  0.29728  0.33918  0.99989  0.99612  1.00000  1.00000  0.82534  1.00000  1.00000  0.99987  0.94370
3.360513120e+00  0.34506  0.39574  0.99994  0.99860  1.00000  1.00000  0.70391  1.00000  1.00000  0.99987  0.96293
3.377315686e+00  0.49870  0.57715  0.99997  0.99941  1.00000  1.00000  0.76512  1.00000  1.00000  0.99988  0.97542
3.394202264e+00  0.65363  0.83799  0.99999  0.99967  1.00000  1.00000  0.73488  1.00000  1.00000  0.99988  0.98362
3.411173276e+00  0.59722  0.72367  1.00000  0.99977  1.00000  1.00000  0.72888  1.00000  1.00000  0.99988  0.98843
3.428229142e+00  0.67303  0.89098  1.00000  0.99982  0.99999  1.00000  0.73741  1.00000  1.00000  0.99988  0.99109
3.445370288e+00  0.70197  0.86574  1.00000  0.99983  0.99996  1.00000  0.75984  1.00000  1.00000  0.99989  0.99259
3.462597139e+00  0.79201  0.93061  1.00000  0.99988  0.99991  1.00000  0.83697  1.00000  1.00000  0.99989  0.99346
3.479910125e+00  0.77200  0.89570  1.00000  0.99987  0.99997  1.00000  0.83926  1.00000  1.00000  0.99989  0.99382
3.497309675e+00  0.83491  0.91784  1.00000  0.99986  0.99999  1.00000  0.89958  1.00000  1.00000  0.99989  0.99395
3.514796224e+00  0.82311  0.86289  1.00000  0.99992  0.99989  1.00000  0.94870  1.00000  1.00000  0.99989  0.99383
3.532370205e+00  0.75080  0.82277  0.99999  0.99995  0.99790  1.00000  0.88209  1.00000  1.00000  0.99990  0.99340
3.550032056e+00  0.70891  0.78136  0.99995  0.99920  0.98596  1.00000  0.88634  1.00000  1.00000  0.99990  0.99264
3.567782216e+00  0.74142  0.80413  0.99986  0.99170  0.96291  1.00000  0.92223  1.00000  1.00000  0.99990  0.99205
3.585621127e+00  0.74757  0.81423  0.99961  0.98990  0.98572  1.00000  0.90339  1.00000  1.00000  0.99990  0.99151
3.603549233e+00  0.77349  0.82134  0.99884  0.99161  0.99023  1.00000  0.93517  1.00000  1.00000  0.99990  0.99116
3.621566979e+00  0.82111  0.86629  0.99902  0.99369  0.99760  1.00000  0.94728  1.00000  1.00000  0.99991  0.99082
3.639674814e+00  0.85324  0.90492  0.99885  0.99774  0.99942  1.00000  0.95099  1.00000  1.00000  0.99991  0.99036
3.657873188e+00  0.83768  0.85838  0.99945  0.99838  0.99975  1.00000  0.98197  1.00000  1.00000  0.99991  0.98991
3.676162554e+00  0.64973  0.66981  0.99993  0.99954  0.99996  1.00000  0.96625  1.00000  1.00000  0.99991  0.98948
3.694543367e+00  0.85190  0.88767  0.99998  0.99957  0.99999  1.00000  0.95785  1.00000  1.00000  0.99991  0.98869
3.713016084e+00  0.85996  0.88930  0.99998  0.99970  0.99999  1.00000  0.97087  1.00000  1.00000  0.99991  0.98594
3.731581164e+00  0.81214  0.84450  0.99996  0.99980  0.99999  1.00000  0.96568  1.00000  1.00000  0.99992  0.98400
3.750239070e+00  0.82299  0.84795  0.99977  0.99990  0.99999  1.00000  0.98250  1.00000  1.00000  0.99992  0.98226
3.768990265e+00  0.80084  0.82758  0.99909  0.99996  0.99999  1.00000  0.97925  1.00000  1.00000  0.99992  0.98004
3.787835216e+00  0.81555  0.84749  0.99595  0.99998  0.99999  1.00000  0.97922  1.00000  1.00000  0.99992  0.97699
3.806774393e+00  0.82715  0.86398  0.98991  0.99999  0.99990  1.00000  0.98598  1.00000  1.00000  0.99992  0.97290
3.825808265e+00  0.84882  0.88871  0.99433  1.00000  0.99786  1.00000  0.98709  1.00000  1.00000  0.99992  0.96741
3.844937306e+00  0.84387  0.92889  0.99141  0.99999  0.97498  1.00000  0.96675  1.00000  1.00000  0.99993  0.96049
3.864161992e+00  0.75471  0.93080  0.99715  0.99999  0.84578  1.00000  0.98867  1.00000  1.00000  0.99993  0.95151
3.883482802e+00  0.67179  0.95764  0.99968  0.99999  0.73246  1.00000  0.98996  1.00000  1.00000  0.99993  0.94042
3.902900216e+00  0.75423  0.97149  0.99994  0.99999  0.83977  1.00000  0.98106  1.00000  1.00000  0.99993  0.92619
3.922414717e+00  0.70569  0.97840  0.99988  0.99998  0.79131  1.00000  0.98755  1.00000  1.00000  0.99993  0.90836
3.942026791e+00  0.77601  0.99009  0.99931  0.99997  0.88830  1.00000  0.99248  1.00000  1.00000  0.99993  0.88522
3.961736925e+00  0.82088  0.99635  0.99716  0.99997  0.97209  1.00000  0.99133  1.00000  0.99998  0.99993  0.85578
3.981545610e+00  0.79728  0.99534  0.99469  0.99993  0.99391  1.00000  0.98929  1.00000  0.99998  0.99994  0.81846
4.001453338e+00  0.75564  0.99678  0.99760  0.99992  0.99179  1.00000  0.99123  1.00000  0.99997  0.99994  0.77243
4.021460604e+00  0.67714  0.99821  0.99497  0.99996  0.95566  1.00000  0.99479  1.00000  0.99992  0.99994  0.71580
4.041567907e+00  0.58886  0.99842  0.99807  0.99994  0.91379  1.00000  0.98908  1.00000  0.99977  0.99994  0.65149
4.061775747e+00  0.55180  0.99848  0.99881  0.99996  0.95213  1.00000  0.99725  1.00000  0.99971  0.99994  0.58240
4.082084626e+00  0.47119  0.99897  0.99326  0.99997  0.92478  1.00000  0.99562  1.00000  0.99955  0.99994  0.51476
4.102495049e+00  0.42992  0.99842  0.99150  0.99997  0.95642  1.00000  0.99654  1.00000  0.99938  0.99994  0.45532
4.123007524e+00  0.39945  0.99792  0.99435  0.99983  0.99097  1.00000  0.99627  1.00000  0.99956  0.99994  0.40779
4.143622562e+00  0.35924  0.99880  0.95896  0.99981  0.99845  1.00000  0.99796  1.00000  0.99900  0.99994  0.37625
4.164340674e+00  0.17992  0.99858  0.50119  0.99986  0.99942  1.00000  0.99905  1.00000  0.99883  0.99995  0.35913
4.185162378e+00  0.00265  0.99818  0.00745  0.99986  0.99969  1.00000  0.99853  1.00000  0.99873  0.99995  0.35747
4.206088190e+00  0.00000  0.99740  0.00000  0.99994  0.99990  1.00000  0.99982  1.00000  0.99835  0.99995  0.36412
4.227118631e+00  0.00000  0.99734  0.00000  0.99996  0.99964  1.00000  0.99889  1.00000  0.99956  0.99995  0.36573
4.248254224e+00  0.00000  0.99335  0.00000  0.99970  0.99814  1.00000  0.99991  1.00000  0.99889  0.99995  0.35168
4.269495495e+00  0.00000  0.99315  0.00000  0.99987  0.99398  1.00000  0.99945  1.00000  0.99956  0.99995  0.29066
4.290842972e+00  0.00000  0.98652  0.00000  0.99986  0.99293  1.00000  0.99986  1.00000  0.99493  0.99995  0.24325
4.312297187e+00  0.00000  0.97817  0.00000  0.99990  0.99476  1.00000  0.99968  1.00000  0.99951  0.99995  0.28857
4.333858673e+00  0.00000  0.97315  0.00000  0.99995  0.99237  1.00000  0.99988  1.00000  0.99972  0.99995  0.38671
4.355527967e+00  0.00000  0.94554  0.00000  0.99994  0.99650  1.00000  0.99980  1.00000  0.99930  0.99995  0.45234
4.377305606e+00  0.00000  0.97586  0.00000  0.99990  0.99906  1.00000  0.99982  1.00000  0.99923  0.99996  0.48725
4.399192134e+00  0.00000  0.93318  0.00000  0.99974  0.99559  1.00000  0.99971  1.00000  0.99927  0.99996  0.51158
4.421188095e+00  0.00000  0.92596  0.00004  0.99939  0.88894  0.99999  0.99965  1.00000  0.99965  0.99996  0.53728
4.443294036e+00  0.00018  0.87653  0.00306  0.99905  0.24485  0.99983  0.99968  1.00000  0.99945  0.99996  0.57021
4.465510506e+00  0.00161  0.90957  0.06779  0.99811  0.01190  0.99870  0.99978  1.00000  0.99960  0.99996  0.61016
4.487838058e+00  0.03423  0.93352  0.40800  0.99672  0.06955  0.99020  0.99982  1.00000  0.99988  0.99996  0.65612
4.510277249e+00  0.01851  0.89570  0.82734  0.99666  0.02882  0.96810  0.99994  1.00000  0.99974  0.99996  0.70491
4.532828635e+00  0.03751  0.83572  0.96358  0.99662  0.05138  0.93076  0.99962  1.00000  0.99984  0.99996  0.75206
4.555492778e+00  0.12501  0.93201  0.99241  0.99608  0.16212  0.91356  0.99937  1.00000  0.99995  0.99996  0.79546
4.578270242e+00  0.31203  0.86222  0.99777  0.99353  0.40337  0.85353  0.99997  1.00000  0.99993  0.99996  0.83218
4.601161593e+00  0.50541  0.90248  0.99869  0.99416  0.70590  0.80966  0.99990  1.00000  0.99997  0.99996  0.86281
4.624167401e+00  0.60395  0.81276  0.99506  0.99640  0.89098  0.86213  0.99986  1.00000  0.99999  0.99996  0.88658
4.647288238e+00  0.63610  0.75505  0.99590  0.99695  0.96391  0.88692  0.99986  1.00000  0.99999  0.99996  0.90489
4.670524679e+00  0.53705  0.60227  0.99151  0.99491  0.99005  0.92317  0.99983  1.00000  0.99999  0.99997  0.91709
4.693877303e+00  0.65441  0.93850  0.91438  0.82589  0.99805  0.87722  0.99990  1.00000  1.00000  0.99997  0.92558
4.717346689e+00  0.43961  0.63966  0.93410  0.69437  0.99961  0.86382  0.99995  1.00000  1.00000  0.99997  0.92877
4.740933423e+00  0.55279  0.77671  0.90795  0.77915  0.99995  0.87351  0.99995  1.00000  1.00000  0.99997  0.92924
4.764638090e+00  0.51109  0.73344  0.87257  0.76465  0.99999  0.89529  0.99996  1.00000  1.00000  0.99997  0.92623
4.788461280e+00  0.38902  0.50060  0.82936  0.82086  1.00000  0.91721  0.99999  1.00000  1.00000  0.99997  0.91991
4.812403587e+00  0.31821  0.59534  0.54148  0.89295  1.00000  0.94021  0.99999  1.00000  1.00000  0.99997  0.91384
4.836465604e+00  0.26613  0.46890  0.58344  0.93520  1.00000  0.96215  0.99999  1.00000  1.00000  0.99997  0.90181
4.860647933e+00  0.38690  0.66850  0.57848  0.97807  1.00000  0.98003  1.00000  1.00000  1.00000  0.99997  0.89198
4.884951172e+00  0.33224  0.49107  0.71111  0.98670  1.00000  0.99229  1.00000  1.00000  1.00000  0.99997  0.87630
4.909375928e+00  0.39949  0.49297  0.88405  0.98904  1.00000  0.99493  1.00000  1.00000  1.00000  0.99997  0.85754
4.933922808e+00  0.32252  0.38952  0.96601  0.99250  1.00000  0.99813  1.00000  1.00000  1.00000  0.99997  0.83923
4.958592422e+00  0.20364  0.25460  0.97565  0.99470  1.00000  0.99934  1.00000  1.00000  1.00000  0.99997  0.81261
4.983385384e+00  0.30448  0.38652  0.99043  0.99692  1.00000  0.99973  1.00000  1.00000  1.00000  0.99997  0.79530
5.008302311e+00  0.13041  0.16782  0.99762  0.99827  0.99998  0.99992  1.00000  1.00000  1.00000  0.99997  0.77234
5.033343822e+00  0.15940  0.21666  0.99840  0.99889  0.99997  0.99997  1.00000  1.00000  1.00000  0.99997  0.74244
5.058510541e+00  0.33767  0.47941  0.99549  0.99936  0.99985  0.99999  1.00000  1.00000  1.00000  0.99997  0.70567
5.083803094e+00  0.04495  0.06773  0.98489  0.99965  0.99993  1.00000  1.00000  1.00000  1.00000  0.99997  0.66496
5.109222110e+00  0.08179  0.13263  0.98052  0.99971  0.99995  1.00000  1.00000  1.00000  1.00000  0.99998  0.62268
5.134768220e+00  0.02322  0.04000  0.99529  0.99976  0.99997  1.00000  1.00000  1.00000  1.00000  0.99998  0.56861
5.160442061e+00  0.03501  0.07198  0.86938  0.99986  0.99999  1.00000  1.00000  1.00000  1.00000  0.99998  0.51647
5.186244272e+00  0.05335  0.11415  0.94183  0.99987  1.00000  1.00000  1.00000  1.00000  1.00000  0.99998  0.46767
5.212175493e+00  0.00207  0.00496  0.84575  0.99988  0.99996  1.00000  1.00000  1.00000  1.00000  0.99998  0.41038
5.238236370e+00  0.00122  0.00365  0.86925  0.99987  0.99956  1.00000  1.00000  1.00000  1.00000  0.99998  0.35160
5.264427552e+00  0.01178  0.04128  0.93471  0.99978  0.99806  1.00000  0.99997  1.00000  1.00000  0.99998  0.28504
5.290749690e+00  0.00051  0.00204  0.98237  0.99964  0.99616  1.00000  0.99998  1.00000  1.00000  0.99998  0.21998
5.317203438e+00  0.00582  0.03541  0.99339  0.99940  0.98662  1.00000  0.99995  1.00000  1.00000  0.99998  0.16848
5.343789456e+00  0.00035  0.00254  0.99570  0.99904  0.99549  1.00000  0.99993  1.00000  1.00000  0.99998  0.11515
5.370508403e+00  0.00027  0.00359  0.99624  0.99858  0.99624  1.00000  0.99995  1.00000  1.00000  0.99998  0.08117
5.397360945e+00  0.00050  0.00872  0.99787  0.99798  0.99809  1.00000  0.99989  1.00000  1.00000  0.99998  0.05533
5.424347750e+00  0.00002  0.00035  0.99934  0.99736  0.99935  1.00000  0.99994  1.00000  1.00000  0.99998  0.03922
5.451469488e+00  0.00000  0.00007  0.99986  0.99711  0.99987  1.00000  0.99979  1.00000  1.00000  0.99998  0.02682
5.478726836e+00  0.00001  0.00094  0.99993  0.99576  0.99997  1.00000  0.99985  1.00000  1.00000  0.99998  0.01717
5.506120470e+00  0.00003  0.00244  0.99995  0.99288  0.99999  1.00000  0.99987  1.00000  1.00000  0.99998  0.01060
5.533651072e+00  0.00000  0.00018  0.99998  0.99477  1.00000  1.00000  0.99982  1.00000  1.00000  0.99998  0.00663
5.561319328e+00  0.00000  0.00000  0.99999  0.99735  1.00000  1.00000  0.99986  1.00000  1.00000  0.99998  0.00396
5.589125924e+00  0.00000  0.00002  0.99999  0.99639  0.99999  1.00000  0.99974  1.00000  1.00000  0.99998  0.00249
5.617071554e+00  0.00000  0.00001  1.00000  0.99613  0.99995  1.00000  0.99985  1.00000  1.00000  0.99998  0.00155
5.645156912e+00  0.00000  0.00000  1.00000  0.99673  0.99984  1.00000  0.99974  1.00000  1.00000  0.99998  0.00098
5.673382696e+00  0.00000  0.00000  1.00000  0.99799  0.99968  1.00000  0.99979  1.00000  1.00000  0.99998  0.00061
5.701749610e+00  0.00000  0.00000  1.00000  0.99772  0.99861  1.00000  0.99969  1.00000  1.00000  0.99998  0.00040
5.730258358e+00  0.00000  0.00000  1.00000  0.98236  0.99959  1.00000  0.99967  1.00000  1.00000  0.99998  0.00025
5.758909650e+00  0.00000  0.00000  1.00000  0.97569  0.99958  1.00000  0.99965  1.00000  1.00000  0.99998  0.00015
5.787704198e+00  0.00000  0.00001  1.00000  0.98321  0.99972  1.00000  0.99982  1.00000  1.00000  0.99998  0.00009
5.816642719e+00  0.00000  0.00000  1.00000  0.98363  0.99988  1.00000  0.99933  1.00000  1.00000  0.99998  0.00006
5.845725932e+00  0.00000  0.00000  1.00000  0.98262  0.99997  1.00000  0.99910  1.00000  1.00000  0.99999  0.00004
5.874954562e+00  0.00000  0.00000  1.00000  0.98836  0.99999  1.00000  0.99944  0.99999  1.00000  0.99999  0.00003
5.904329335e+00  0.00000  0.00000  1.00000  0.99449  1.00000  1.00000  0.99855  0.99998  1.00000  0.99999  0.00002
5.933850982e+00  0.00000  0.00000  1.00000  0.99786  1.00000  1.00000  0.99890  0.99997  1.00000  0.99999  0.00002
5.963520237e+00  0.00000  0.00000  1.00000  0.99920  1.00000  1.00000  0.99650  0.99993  1.00000  0.99999  0.00001
5.993337838e+00  0.00000  0.00000  0.99998  0.99970  0.99998  1.00000  0.99640  0.99991  1.00000  0.99999  0.00001
6.023304527e+00  0.00000  0.00000  0.99999  0.99989  0.99987  1.00000  0.99799  0.99981  1.00000  0.99999  0.00001
6.053421050e+00  0.00000  0.00000  1.00000  0.99996  0.99971  1.00000  0.99642  0.99980  1.00000  0.99999  0.00001
6.083688155e+00  0.00000  0.00000  1.00000  0.99999  0.99972  1.00000  0.99094  0.99995  1.00000  0.99999  0.00002
6.114106596e+00  0.00000  0.00000  1.00000  0.99999  0.99903  1.00000  0.99289  0.99971  1.00000  0.99999  0.00002
6.144677129e+00  0.00000  0.00000  1.00000  1.00000  0.99964  1.00000  0.99511  0.99943  1.00000  0.99999  0.00002
6.175400514e+00  0.00000  0.00000  1.00000  1.00000  0.99975  1.00000  0.99268  0.99956  1.00000  0.99999  0.00003
6.206277517e+00  0.00000  0.00000  1.00000  1.00000  0.99989  1.00000  0.98610  0.99991  1.00000  0.99999  0.00003
6.237308904e+00  0.00000  0.00031  1.00000  1.00000  0.99995  1.00000  0.99337  0.99954  1.00000  0.99999  0.00003
6.268495449e+00  0.00000  0.00008  1.00000  1.00000  0.99998  1.00000  0.99929  0.99937  1.00000  0.99999  0.00003
6.299837926e+00  0.00000  0.00036  1.00000  1.00000  0.99999  1.00000  0.99479  0.99962  1.00000  0.99999  0.00003
6.331337116e+00  0.00000  0.00003  1.00000  1.00000  1.00000  1.00000  0.99372  0.99990  1.00000  0.99999  0.00002
6.362993801e+00  0.00000  0.00000  1.00000  1.00000  1.00000  1.00000  0.99861  0.99980  1.00000  0.99999  0.00002
6.394808770e+00  0.00000  0.00000  1.00000  1.00000  1.00000  1.00000  0.99549  0.99994  1.00000  0.99999  0.00001
6.426782814e+00  0.00000  0.00000  1.00000  1.00000  1.00000  1.00000  0.98866  0.99683  1.00000  0.99999  0.00001
6.458916728e+00  0.00000  0.00000  1.00000  1.00000  1.00000  1.00000  0.97198  0.99948  1.00000  0.99999  0.00001
6.491211312e+00  0.00000  0.00000  1.00000  1.00000  1.00000  1.00000  0.92168  0.99980  1.00000  0.99999  0.00001
6.523667368e+00  0.00000  0.00000  1.00000  1.00000  1.00000  1.00000  0.98497  0.99963  1.00000  0.99999  0.00001
6.556285705e+00  0.00000  0.00000  1.00000  1.00000  1.00000  1.00000  0.99887  0.99990  1.00000  0.99999  0.00001
6.589067134e+00  0.00000  0.00000  1.00000  1.00000  1.00000  1.00000  0.99966  0.99957  1.00000  0.99999  0.00002
6.622012469e+00  0.00000  0.00000  1.00000  1.00000  1.00000  1.00000  0.99930  0.99966  1.00000  0.99999  0.00002
6.655122532e+00  0.00000  0.00000  1.00000  1.00000  1.00000  1.00000  0.99532  0.99995  1.00000  0.99999  0.00003
6.688398144e+00  0.00000  0.00000  1.00000  1.00000  1.00000  1.00000  0.99530  0.99974  1.00000  0.99999  0.00004
6.721840135e+00  0.00000  0.00000  1.00000  0.99999  1.00000  1.00000  0.99324  0.99994  1.00000  0.99999  0.00006
6.755449336e+00  0.00000  0.00001  1.00000  0.99999  1.00000  1.00000  0.99405  0.99981  1.00000  0.99999  0.00009
6.789226583e+00  0.00000  0.00000  1.00000  0.99998  1.00000  1.00000  0.97602  0.99979  1.00000  0.99999  0.00014
6.823172715e+00  0.00000  0.00000  1.00000  0.99998  1.00000  1.00000  0.97756  0.99996  1.00000  0.99999  0.00022
6.857288579e+00  0.00000  0.00000  1.00000  0.99997  1.00000  1.00000  0.98132  0.99991  1.00000  0.99999  0.00034
6.891575022e+00  0.00000  0.00001  1.00000  0.99996  1.00000  1.00000  0.96735  0.99999  1.00000  0.99999  0.00054
6.926032897e+00  0.00000  0.00007  1.00000  0.99996  1.00000  1.00000  0.98103  0.99994  1.00000  0.99999  0.00086
6.960663062e+00  0.00000  0.00000  0.99999  0.99995  1.00000  1.00000  0.99096  0.99999  1.00000  0.99999  0.00142
6.995466377e+00  0.00000  0.00001  0.99997  0.99986  1.00000  1.00000  0.97702  0.99997  1.00000  0.99999  0.00245
7.030443709e+00  0.00000  0.00001  0.99989  0.99969  0.99999  1.00000  0.98859  0.99998  1.00000  0.99999  0.00419
7.065595927e+00  0.00000  0.00009  0.99966  0.99970  0.99998  1.00000  0.98552  1.00000  1.00000  0.99999  0.00727
7.100923907e+00  0.00000  0.00027  0.99910  0.99981  0.99998  1.00000  0.98887  0.99999  1.00000  0.99999  0.01244
7.136428526e+00  0.00000  0.00002  0.99781  0.99983  0.99998  1.00000  0.98870  1.00000  1.00000  0.99999  0.02098
7.172110669e+00  0.00000  0.00002  0.99498  0.99980  0.99999  1.00000  0.97822  0.99999  1.00000  0.99999  0.03448
7.207971222e+00  0.00002  0.00029  0.99010  0.99981  0.99999  1.00000  0.96212  1.00000  1.00000  0.99999  0.05591
7.244011079e+00  0.00010  0.00136  0.98524  0.99987  0.99999  1.00000  0.88859  1.00000  1.00000  0.99999  0.08533
7.280231134e+00  0.00002  0.00018  0.98615  0.99989  0.99999  1.00000  0.82643  1.00000  1.00000  0.99999  0.12435
7.316632290e+00  0.00013  0.00076  0.99398  0.99993  0.99999  1.00000  0.65217  1.00000  1.00000  0.99999  0.17509
7.353215451e+00  0.00053  0.00271  0.98793  0.99995  1.00000  1.00000  0.59292  1.00000  1.00000  0.99999  0.23888
7.389981528e+00  0.00233  0.01367  0.98584  0.99997  0.99999  1.00000  0.44805  1.00000  1.00000  0.99999  0.30392
7.426931436e+00  0.00503  0.01975  0.99045  0.99998  0.99994  1.00000  0.56761  1.00000  1.00000  0.99999  0.37317
7.464066093e+00  0.00147  0.00335  0.99616  0.99999  0.99939  1.00000  0.49959  1.00000  1.00000  0.99999  0.44364
7.501386424e+00  0.01995  0.04416  0.99871  1.00000  0.99396  1.00000  0.61949  1.00000  1.00000  0.99999  0.51079
7.538893356e+00  0.04152  0.09206  0.99960  1.00000  0.96023  1.00000  0.65259  1.00000  1.00000  0.99999  0.57083
7.576587822e+00  0.00369  0.00767  0.99985  1.00000  0.81826  1.00000  0.75026  1.00000  1.00000  0.99999  0.62262
7.614470762e+00  0.00520  0.02166  0.99994  1.00000  0.58329  1.00000  0.80936  1.00000  1.00000  0.99999  0.66804
7.652543115e+00  0.01508  0.22527  0.99990  1.00000  0.37486  1.00000  0.41684  1.00000  1.00000  0.99999  0.70736
7.690805831e+00  0.05558  0.59005  0.99961  1.00000  0.25331  1.00000  0.26720  1.00000  1.00000  0.99999  0.74115
7.729259860e+00  0.07523  0.26105  0.99856  1.00000  0.32920  1.00000  0.54300  1.00000  1.00000  0.99999  0.76833
7.767906159e+00  0.05859  0.11882  0.99601  1.00000  0.52475  1.00000  0.55758  1.00000  1.00000  0.99999  0.79286
7.806745690e+00  0.12759  0.35629  0.99174  1.00000  0.43660  1.00000  0.60859  1.00000  1.00000  0.99999  0.81482
7.845779419e+00  0.08021  0.36593  0.98689  1.00000  0.31471  1.00000  0.64203  1.00000  1.00000  0.99999  0.83178
7.885008316e+00  0.01950  0.04157  0.98651  1.00000  0.37688  1.00000  0.48397  1.00000  1.00000  0.99999  0.84451
7.924433357e+00  0.08008  0.18281  0.99397  1.00000  0.54198  1.00000  0.48641  1.00000  1.00000  0.99999  0.85540
7.964055524e+00  0.23988  0.41422  0.99152  0.99999  0.67432  1.00000  0.70962  1.00000  1.00000  1.00000  0.86720
8.003875802e+00  0.43737  0.65301  0.98704  0.99998  0.82318  1.00000  0.73656  1.00000  1.00000  1.00000  0.87624
8.043895181e+00  0.31459  0.45050  0.98854  0.99996  0.91789  1.00000  0.69771  1.00000  1.00000  1.00000  0.88436
8.084114657e+00  0.50826  0.68220  0.99348  0.99991  0.97235  1.00000  0.73126  1.00000  1.00000  1.00000  0.89198
8.124535230e+00  0.67216  0.85161  0.99689  0.99983  0.98944  1.00000  0.86077  1.00000  1.00000  1.00000  0.89879
8.165157906e+00  0.31639  0.36801  0.99871  0.99968  0.99547  1.00000  0.88925  1.00000  1.00000  1.00000  0.90436
8.205983696e+00  0.46739  0.54856  0.99950  0.99942  0.99775  1.00000  0.87632  1.00000  1.00000  1.00000  0.90893
8.247013614e+00  0.32961  0.36568  0.99981  0.99901  0.99745  1.00000  0.94005  1.00000  1.00000  1.00000  0.91285
8.288248682e+00  0.73217  0.82350  0.99993  0.99834  0.99297  1.00000  0.97139  1.00000  1.00000  1.00000  0.91603
8.329689926e+00  0.67242  0.76354  0.99998  0.99729  0.98195  1.00000  0.96557  1.00000  1.00000  1.00000  0.91852
8.371338375e+00  0.67217  0.75858  0.99999  0.99570  0.96158  1.00000  0.98150  1.00000  1.00000  1.00000  0.92091
8.413195067e+00  0.50336  0.58327  1.00000  0.99380  0.93713  1.00000  0.98743  1.00000  1.00000  1.00000  0.92298
8.455261042e+00  0.70530  0.83375  1.00000  0.99113  0.90990  1.00000  0.99175  1.00000  1.00000  1.00000  0.92477
8.497537348e+00  0.55520  0.63741  1.00000  0.98795  0.91994  1.00000  0.99519  1.00000  1.00000  1.00000  0.92602
8.540025034e+00  0.65534  0.73769  1.00000  0.98399  0.95603  1.00000  0.99482  1.00000  1.00000  1.00000  0.92645
8.582725160e+00  0.58269  0.65192  1.00000  0.98036  0.95465  1.00000  0.99684  1.00000  1.00000  1.00000  0.92723
8.625638785e+00  0.81412  0.96602  1.00000  0.97669  0.92388  1.00000  0.99625  1.00000  1.00000  1.00000  0.92797
8.668766979e+00  0.63108  0.73709  1.00000  0.97521  0.91404  1.00000  0.99752  1.00000  1.00000  1.00000  0.92875
8.712110814e+00  0.73191  0.85184  1.00000  0.96763  0.93325  1.00000  0.99801  1.00000  1.00000  1.00000  0.92969
8.755671368e+00  0.82828  0.95243  1.00000  0.96449  0.96287  1.00000  0.99891  1.00000  1.00000  1.00000  0.92993
8.799449725e+00  0.57614  0.64287  1.00000  0.95230  0.98342  1.00000  0.99840  1.00000  1.00000  1.00000  0.92993
8.843446974e+00  0.84429  0.97101  1.00000  0.93828  0.99398  1.00000  0.99926  1.00000  1.00000  1.00000  0.92979
8.887664209e+00  0.83983  0.96285  1.00000  0.93790  0.99805  1.00000  0.99899  1.00000  1.00000  1.00000  0.92946
8.932102530e+00  0.67867  0.75591  1.00000  0.94345  0.99951  1.00000  0.99888  1.00000  1.00000  1.00000  0.92905
8.976763042e+00  0.77430  0.87103  0.99998  0.94969  0.99987  1.00000  0.99958  1.00000  1.00000  1.00000  0.92843
9.021646857e+00  0.72906  0.80544  0.99990  0.96358  0.99997  1.00000  0.99945  1.00000  1.00000  1.00000  0.92778
9.066755092e+00  0.74747  0.83476  0.99902  0.95742  1.00000  1.00000  0.99950  1.00000  1.00000  1.00000  0.92706
9.112088867e+00  0.85493  0.96608  0.99446  0.95673  1.00000  1.00000  0.99968  1.00000  1.00000  1.00000  0.92624
9.157649312e+00  0.79123  0.91588  0.97250  0.94679  1.00000  1.00000  0.99971  1.00000  1.00000  1.00000  0.92531
9.203437558e+00  0.79275  0.95965  0.92744  0.94357  1.00000  1.00000  0.99977  1.00000  1.00000  1.00000  0.92429
9.249454746e+00  0.78274  0.98812  0.89106  0.94605  0.99998  1.00000  0.99987  1.00000  1.00000  1.00000  0.92323
9.295702020e+00  0.70271  0.86998  0.87824  0.94248  0.99997  1.00000  0.99986  1.00000  1.00000  1.00000  0.92209
9.342180530e+00  0.72603  0.96524  0.89664  0.88081  0.99995  1.00000  0.99988  1.00000  1.00000  1.00000  0.92091
9.388891432e+00  0.43769  0.81200  0.97148  0.55109  0.99995  1.00000  0.99995  1.00000  1.00000  1.00000  0.91961
9.435835890e+00  0.19653  0.92361  0.93561  0.22109  0.99997  1.00000  0.99992  1.00000  1.00000  1.00000  0.91826
9.483015069e+00  0.11274  0.95600  0.90589  0.12608  0.99999  1.00000  0.99995  1.00000  1.00000  1.00000  0.91683
9.530430144e+00  0.16813  0.93496  0.90939  0.18821  0.99998  1.00000  0.99998  1.00000  1.00000  1.00000  0.91536
9.578082295e+00  0.56046  0.97625  0.93390  0.63059  0.99996  1.00000  0.99997  1.00000  1.00000  1.00000  0.91382
9.625972707e+00  0.12671  0.96789  0.94777  0.14083  0.99997  1.00000  0.99997  1.00000  1.00000  1.00000  0.91225
9.674102570e+00  0.23234  0.97732  0.96234  0.25840  0.99997  1.00000  0.99999  1.00000  1.00000  1.00000  0.91062
9.722473083e+00  0.25134  0.89485  0.98339  0.28441  0.99998  1.00000  0.99999  1.00000  1.00000  1.00000  0.90894
9.771085448e+00  0.25034  0.99303  0.99340  0.27696  0.99999  1.00000  0.99998  1.00000  1.00000  1.00000  0.90721
9.819940876e+00  0.31347  0.93967  0.99587  0.35301  0.99999  1.00000  1.00000  1.00000  1.00000  1.00000  0.90544
9.869040580e+00  0.40496  0.90155  0.99765  0.45969  1.00000  1.00000  0.99999  1.00000  1.00000  1.00000  0.90363
9.918385783e+00  0.51560  0.93691  0.99861  0.58304  1.00000  1.00000  0.99999  1.00000  1.00000  1.00000  0.90175
9.967977712e+00  0.62034  0.97047  0.99906  0.69931  1.00000  1.00000  1.00000  1.00000  1.00000  1.00000  0.89977
1.001781760e+01  0.70498  0.96538  0.99871  0.79884  1.00000  1.00000  1.00000  1.00000  1.00000  1.00000  0.89781
1.006790669e+01  0.78103  0.99651  0.99651  0.87607  1.00000  1.00000  1.00000  1.00000  1.00000  1.00000  0.89590
1.011824622e+01  0.81837  0.99668  0.98366  0.93112  1.00000  1.00000  1.00000  1.00000  1.00000  1.00000  0.89389
1.016883745e+01  0.81676  0.97998  0.96418  0.96253  1.00000  1.00000  1.00000  1.00000  1.00000  1.00000  0.89173
1.021968164e+01  0.77178  0.93252  0.93004  0.98178  0.99999  1.00000  1.00000  1.00000  1.00000  1.00000  0.88957
1.027078005e+01  0.74783  0.90931  0.91555  0.99145  0.99998  1.00000  1.00000  1.00000  1.00000  1.00000  0.88741
1.032213395e+01  0.79334  0.95825  0.93214  0.99617  0.99995  1.00000  1.00000  1.00000  1.00000  1.00000  0.88520
1.037374462e+01  0.84982  0.99402  0.96940  0.99825  0.99990  1.00000  1.00000  1.00000  1.00000  1.00000  0.88288
1.042561334e+01  0.83792  0.97840  0.97279  0.99920  0.99982  1.00000  1.00000  1.00000  1.00000  1.00000  0.88050
1.047774141e+01  0.75942  0.89527  0.94964  0.99967  0.99975  1.00000  1.00000  1.00000  1.00000  1.00000  0.87802
1.053013012e+01  0.76411  0.91223  0.94085  0.99983  0.99976  1.00000  1.00000  1.00000  1.00000  1.00000  0.87545
1.058278077e+01  0.80332  0.97233  0.94153  0.99993  0.99981  1.00000  1.00000  1.00000  1.00000  1.00000  0.87270
1.063569467e+01  0.81455  0.98180  0.95061  0.99997  0.99993  1.00000  1.00000  1.00000  1.00000  1.00000  0.86979
1.068887314e+01  0.83321  0.99793  0.96368  0.99998  0.99988  1.00000  1.00000  1.00000  1.00000  1.00000  0.86631
1.074231751e+01  0.83282  0.98788  0.97672  0.99999  0.99980  1.00000  1.00000  1.00000  1.00000  1.00000  0.86276
1.079602910e+01  0.77396  0.91116  0.98614  1.00000  0.99976  1.00000  1.00000  1.00000  1.00000  1.00000  0.85952
1.085000924e+01  0.77464  0.91138  0.99070  1.00000  0.99982  1.00000  1.00000  1.00000  1.00000  1.00000  0.85636
1.090425929e+01  0.82511  0.97280  0.99415  1.00000  0.99987  1.00000  1.00000  1.00000  1.00000  1.00000  0.85305
1.095878058e+01  0.81136  0.95981  0.99474  1.00000  0.99991  1.00000  1.00000  1.00000  1.00000  1.00000  0.84963
1.101357449e+01  0.69186  0.81950  0.99603  1.00000  0.99994  1.00000  1.00000  1.00000  1.00000  1.00000  0.84665
1.106864236e+01  0.82773  0.98400  0.99660  1.00000  0.99996  1.00000  1.00000  1.00000  1.00000  1.00000  0.84404
1.112398557e+01  0.82559  0.98382  0.99736  1.00000  0.99997  1.00000  1.00000  1.00000  1.00000  1.00000  0.84131
1.117960550e+01  0.82869  0.99025  0.99825  1.00000  0.99999  1.00000  1.00000  1.00000  1.00000  1.00000  0.83830
1.123550353e+01  0.74378  0.89142  0.99870  1.00000  0.99999  1.00000  1.00000  1.00000  1.00000  1.00000  0.83526
1.129168104e+01  0.69668  0.83768  0.99921  1.00000  0.99999  1.00000  1.00000  1.00000  1.00000  1.00000  0.83222
1.134813945e+01  0.78490  0.94722  0.99933  1.00000  1.00000  1.00000  1.00000  1.00000  1.00000  1.00000  0.82918
1.140488015e+01  0.76727  0.92934  0.99943  1.00000  1.00000  1.00000  1.00000  1.00000  1.00000  1.00000  0.82613
1.146190455e+01  0.71067  0.86366  0.99959  0.99999  1.00000  1.00000  1.00000  1.00000  1.00000  1.00000  0.82306
1.151921407e+01  0.76275  0.93045  0.99969  0.99999  1.00000  1.00000  1.00000  1.00000  1.00000  1.00000  0.81994
1.157681014e+01  0.77602  0.95266  0.99704  0.99998  1.00000  1.00000  1.00000  1.00000  1.00000  1.00000  0.81676
1.163469419e+01  0.78958  0.97125  0.99922  0.99997  1.00000  1.00000  1.00000  1.00000  1.00000  1.00000  0.81356
1.169286766e+01  0.62552  0.77218  0.99931  0.99995  1.00000  1.00000  1.00000  1.00000  1.00000  1.00000  0.81032
1.175133200e+01  0.57557  0.71375  0.99905  0.99993  1.00000  1.00000  1.00000  1.00000  1.00000  1.00000  0.80707
1.181008866e+01  0.77917  0.97081  0.99871  0.99988  1.00000  1.00000  1.00000  1.00000  1.00000  1.00000  0.80377
1.186913910e+01  0.69122  0.86444  0.99857  0.99985  1.00000  1.00000  1.00000  1.00000  1.00000  1.00000  0.80046
1.192848480e+01  0.77192  0.97027  0.99841  0.99974  1.00000  1.00000  1.00000  1.00000  1.00000  1.00000  0.79703
1.198812722e+01  0.77143  0.97459  0.99782  0.99966  1.00000  1.00000  1.00000  1.00000  1.00000  1.00000  0.79350
1.204806786e+01  0.75425  0.96682  0.98692  0.99949  1.00000  1.00000  1.00000  1.00000  1.00000  1.00000  0.78992
1.210830820e+01  0.65462  0.83788  0.99269  0.99935  1.00000  1.00000  1.00000  1.00000  1.00000  1.00000  0.78610
1.216884974e+01  0.75645  0.98013  0.98751  0.99891  1.00000  1.00000  1.00000  1.00000  1.00000  1.00000  0.78225
1.222969399e+01  0.73990  0.97139  0.97812  0.99874  1.00000  1.00000  1.00000  1.00000  1.00000  1.00000  0.77822
1.229084246e+01  0.57488  0.76321  0.96644  0.99811  1.00000  1.00000  1.00000  1.00000  1.00000  1.00000  0.77410
1.235229667e+01  0.62751  0.83878  0.95478  0.99762  1.00000  1.00000  1.00000  1.00000  1.00000  1.00000  0.76984
1.241405815e+01  0.59845  0.80515  0.94598  0.99662  1.00000  1.00000  1.00000  1.00000  1.00000  1.00000  0.76529
1.247612845e+01  0.50482  0.68708  0.94444  0.99589  1.00000  1.00000  1.00000  1.00000  1.00000  1.00000  0.76069
1.253850909e+01  0.25145  0.33787  0.95198  0.99448  1.00000  1.00000  1.00000  1.00000  1.00000  1.00000  0.75608
1.260120163e+01  0.39789  0.70393  0.76668  0.99305  1.00000  1.00000  1.00000  1.00000  1.00000  1.00000  0.75147
1.266420764e+01  0.67334  0.94836  0.95356  0.99158  1.00000  1.00000  1.00000  1.00000  1.00000  1.00000  0.74685
1.272752868e+01  0.51262  0.71274  0.95821  0.98907  1.00000  1.00000  1.00000  1.00000  1.00000  1.00000  0.74222
1.279116632e+01  0.63235  0.91892  0.93943  0.98731  1.00000  1.00000  1.00000  1.00000  1.00000  1.00000  0.73758
1.285512215e+01  0.39626  0.56678  0.92063  0.98382  1.00000  1.00000  1.00000  1.00000  1.00000  1.00000  0.73297
1.291939776e+01  0.58481  0.90540  0.89426  0.98231  1.00000  1.00000  1.00000  1.00000  1.00000  1.00000  0.72843
1.298399475e+01  0.47719  0.77716  0.82451  0.97661  1.00000  1.00000  1.00000  1.00000  1.00000  1.00000  0.72368
1.304891473e+01  0.52327  0.92534  0.77483  0.97113  1.00000  1.00000  1.00000  1.00000  1.00000  1.00000  0.71881
1.311415930e+01  0.47646  0.94795  0.69214  0.97109  1.00000  1.00000  1.00000  1.00000  1.00000  1.00000  0.71394
1.317973010e+01  0.36830  0.97236  0.53645  0.95824  1.00000  1.00000  1.00000  1.00000  1.00000  1.00000  0.70887
1.324562875e+01  0.17207  0.48396  0.41080  0.96456  1.00000  1.00000  1.00000  1.00000  1.00000  1.00000  0.70358
1.331185689e+01  0.18056  0.77060  0.29989  0.95197  1.00000  1.00000  1.00000  1.00000  1.00000  1.00000  0.69828
1.337841618e+01  0.10944  0.61321  0.20944  0.96274  1.00000  1.00000  1.00000  1.00000  1.00000  1.00000  0.69297
1.344530826e+01  0.06038  0.46009  0.11962  0.93853  1.00000  1.00000  1.00000  1.00000  1.00000  1.00000  0.68767
1.351253480e+01  0.00930  0.57856  0.01578  0.96330  1.00000  1.00000  1.00000  1.00000  1.00000  1.00000  0.68235
1.358009747e+01  0.01916  0.94845  0.02982  0.92692  0.99999  1.00000  1.00000  1.00000  1.00000  1.00000  0.67685
1.364799796e+01  0.01808  0.84603  0.03002  0.94653  0.99998  1.00000  1.00000  1.00000  1.00000  1.00000  0.67134
1.371623795e+01  0.01709  0.51544  0.03684  0.90886  0.99995  1.00000  1.00000  1.00000  1.00000  1.00000  0.66590
1.378481914e+01  0.02718  0.95318  0.04281  0.93208  0.99992  1.00000  1.00000  1.00000  1.00000  1.00000  0.66058
1.385374323e+01  0.00461  0.89244  0.00750  0.87691  0.99986  1.00000  1.00000  1.00000  1.00000  1.00000  0.65529
1.392301195e+01  0.00072  0.82380  0.00121  0.89336  0.99979  1.00000  1.00000  1.00000  1.00000  1.00000  0.65008
1.399262701e+01  0.00194  0.63926  0.00339  0.89615  0.99970  1.00000  1.00000  1.00000  1.00000  1.00000  0.64497
1.406259015e+01  0.00024  0.79710  0.00044  0.89895  0.99954  1.00000  1.00000  1.00000  1.00000  1.00000  0.63982
1.413290310e+01  0.00001  0.34667  0.00002  0.91744  0.99967  1.00000  1.00000  1.00000  1.00000  1.00000  0.63413
1.420356761e+01  0.00000  0.25078  0.00000  0.93518  0.99974  1.00000  1.00000  1.00000  1.00000  1.00000  0.62816
1.427458545e+01  0.00000  0.67271  0.00000  0.95740  0.99957  1.00000  1.00000  1.00000  1.00000  1.00000  0.62213
1.434595838e+01  0.00000  0.06813  0.00000  0.92916  0.99876  1.00000  1.00000  1.00000  1.00000  1.00000  0.61560
1.441768817e+01  0.00000  0.30521  0.00000  0.91948  0.99790  1.00000  1.00000  1.00000  1.00000  1.00000  0.60891
1.448977661e+01  0.00000  0.23756  0.00000  0.91753  0.99967  1.00000  1.00000  1.00000  1.00000  1.00000  0.60216
1.456222549e+01  0.00000  0.43649  0.00000  0.88840  0.99968  1.00000  1.00000  1.00000  1.00000  1.00000  0.59474
1.463503662e+01  0.00000  0.86277  0.00000  0.91538  0.99971  1.00000  1.00000  1.00000  1.00000  1.00000  0.58725
1.470821180e+01  0.00000  0.61691  0.00000  0.89974  0.99976  1.00000  1.00000  1.00000  1.00000  1.00000  0.57965
1.478175286e+01  0.00000  0.80551  0.00000  0.94401  0.99978  1.00000  1.00000  1.00000  1.00000  1.00000  0.57161
1.485566163e+01  0.00000  0.47223  0.00000  0.91522  0.99984  1.00000  1.00000  1.00000  1.00000  1.00000  0.56325
1.492993994e+01  0.00000  0.19171  0.00000  0.95653  0.99990  1.00000  1.00000  1.00000  1.00000  1.00000  0.55476
1.500458964e+01  0.00000  0.59356  0.00000  0.93126  0.99992  1.00000  1.00000  1.00000  1.00000  1.00000  0.54539
1.507961258e+01  0.00000  0.36905  0.00000  0.95235  0.99995  1.00000  1.00000  1.00000  1.00000  1.00000  0.53603
1.515501065e+01  0.00000  0.27231  0.00000  0.95376  0.99996  1.00000  1.00000  1.00000  1.00000  1.00000  0.52662
1.523078570e+01  0.00000  0.74626  0.00000  0.94682  0.99998  1.00000  1.00000  1.00000  1.00000  1.00000  0.51667
1.530693963e+01  0.00000  0.69816  0.00000  0.97259  0.99998  1.00000  1.00000  1.00000  1.00000  1.00000  0.50677
1.538347433e+01  0.00000  0.71273  0.00000  0.95943  0.99997  1.00000  1.00000  1.00000  1.00000  1.00000  0.49691
1.546039170e+01  0.00000  0.56711  0.00000  0.97295  0.99993  1.00000  1.00000  1.00000  1.00000  1.00000  0.48659
1.553769366e+01  0.00000  0.17917  0.00000  0.97966  0.99984  1.00000  1.00000  1.00000  1.00000  1.00000  0.47635
1.561538212e+01  0.00000  0.18333  0.00000  0.97841  0.99954  1.00000  1.00000  1.00000  1.00000  1.00000  0.46623
1.569345903e+01  0.00000  0.02949  0.00000  0.98611  0.99895  1.00000  1.00000  1.00000  1.00000  1.00000  0.45591
1.577192633e+01  0.00000  0.07580  0.00000  0.98639  0.99782  1.00000  1.00000  1.00000  1.00000  1.00000  0.44567
1.585078596e+01  0.00000  0.54056  0.00000  0.98709  0.99516  1.00000  1.00000  1.00000  1.00000  1.00000  0.43559
1.593003989e+01  0.00001  0.39850  0.00008  0.99160  0.98978  1.00000  1.00000  1.00000  1.00000  1.00000  0.42483
1.600969009e+01  0.00011  0.08487  0.00118  0.99231  0.98354  1.00000  1.00000  1.00000  1.00000  1.00000  0.41395
1.608973854e+01  0.00164  0.27858  0.01161  0.99478  0.96733  1.00000  1.00000  1.00000  1.00000  1.00000  0.40334
1.617018723e+01  0.00002  0.24380  0.00021  0.99593  0.94877  1.00000  1.00000  1.00000  1.00000  1.00000  0.39273
1.625103817e+01  0.00033  0.06718  0.00395  0.99675  0.93064  1.00000  1.00000  1.00000  1.00000  1.00000  0.38218
1.633229336e+01  0.00256  0.29709  0.01511  0.99737  0.89848  1.00000  1.00000  1.00000  1.00000  1.00000  0.37187
1.641395483e+01  0.00477  0.57453  0.01911  0.99814  0.87858  1.00000  1.00000  1.00000  1.00000  1.00000  0.36156
1.649602460e+01  0.00817  0.62702  0.03636  0.99873  0.84802  1.00000  1.00000  1.00000  1.00000  1.00000  0.35097
1.657850473e+01  0.00569  0.30663  0.04632  0.99905  0.82850  1.00000  1.00000  1.00000  1.00000  1.00000  0.34076
1.666139725e+01  0.00295  0.05613  0.08829  0.99937  0.84464  1.00000  1.00000  1.00000  1.00000  1.00000  0.33069
1.674470424e+01  0.00277  0.23867  0.03669  0.99953  0.82959  1.00000  1.00000  1.00000  1.00000  1.00000  0.32029
1.682842776e+01  0.00101  0.01841  0.14289  0.99969  0.87783  1.00000  1.00000  1.00000  1.00000  1.00000  0.31009
1.691256990e+01  0.00235  0.02938  0.26316  0.99978  0.70533  1.00000  1.00000  1.00000  1.00000  1.00000  0.30020
1.699713274e+01  0.02138  0.31142  0.26417  0.99985  0.55911  1.00000  1.00000  1.00000  1.00000  1.00000  0.28965
