# ------------------------------------------------------------------------
# NASA-GSFC Planetary Spectrum Generator (PSG, Villanueva et al. 2018)
# Atmospheric transmittance spectrum synthesized with PUMAS (Villanueva et al. 2018, Smith et al. 2009, Edwards 1992)
# Synthesized on Sat Jul 31 18:36:36 2021
# Molecular abundance profile: Parmentier+2015; Kempton_1Xsolar_cond
# Molecules considered: H2,He,H2O,CH4
# Molecular sources: HIT[45],HIT[0],HIT[1],HIT[6]
# Molecular abundances: 1,1,1,1
# Molecular abundance units: scl,scl,scl,scl
# Collissional partners (H2 type): Air:0%, H2:84%, He:16%, CO2:0%
# UV cross-sections included:  H2 H2O CH4
# Collision-Induced-Absorption:  CH4-CH4  CH4-He  H2-CH4  H2-H2  H2-He  H2O-H2O 
# Rayleigh scattering included
# ------------------------------------------------------------------------
# Spectral unit: Wavelength [um]
# Wave/freq Total H2 He H2O CH4 Rayleigh CIA
5.000000000e-01  0.56725  1.00000  1.00000  0.99546  0.99985  0.56994  1.00000
5.025000000e-01  0.56864  1.00000  1.00000  0.98699  0.99972  0.57631  1.00000
5.050125000e-01  0.57457  1.00000  1.00000  0.98668  0.99949  0.58262  1.00000
5.075375625e-01  0.58019  1.00000  1.00000  0.98620  0.99905  0.58887  1.00000
5.100752503e-01  0.58756  1.00000  1.00000  0.98870  0.99867  0.59506  1.00000
5.126256266e-01  0.59617  1.00000  1.00000  0.99221  0.99942  0.60119  1.00000
5.151887547e-01  0.60609  1.00000  1.00000  0.99833  0.99973  0.60727  1.00000
5.177646985e-01  0.61268  0.99999  1.00000  0.99951  0.99952  0.61328  1.00000
5.203535220e-01  0.61885  0.99999  1.00000  0.99983  0.99956  0.61923  1.00000
5.229552896e-01  0.62423  0.99996  1.00000  0.99918  0.99944  0.62512  1.00000
5.255700660e-01  0.63024  0.99998  1.00000  0.99924  0.99966  0.63095  1.00000
5.281979164e-01  0.63594  0.99998  1.00000  0.99906  0.99974  0.63671  1.00000
5.308389059e-01  0.64149  1.00000  1.00000  0.99898  0.99957  0.64242  1.00000
5.334931005e-01  0.64696  1.00000  1.00000  0.99933  0.99898  0.64806  1.00000
5.361605660e-01  0.65149  1.00000  1.00000  0.99895  0.99778  0.65364  1.00000
5.388413688e-01  0.65332  1.00000  1.00000  0.99624  0.99490  0.65915  1.00000
5.415355756e-01  0.65099  0.99999  1.00000  0.99045  0.98897  0.66460  1.00000
5.442432535e-01  0.65888  1.00000  1.00000  0.99325  0.99011  0.66998  1.00000
5.469644698e-01  0.66773  1.00000  1.00000  0.99042  0.99835  0.67530  1.00000
5.496992921e-01  0.67640  1.00000  1.00000  0.99408  0.99982  0.68056  1.00000
5.524477886e-01  0.68353  1.00000  1.00000  0.99683  0.99993  0.68575  1.00000
5.552100275e-01  0.68992  1.00000  1.00000  0.99888  0.99973  0.69088  1.00000
5.579860777e-01  0.69548  1.00000  1.00000  0.99967  0.99966  0.69595  1.00000
5.607760081e-01  0.70043  1.00000  1.00000  0.99953  0.99973  0.70095  1.00000
5.635798881e-01  0.70508  1.00000  1.00000  0.99921  0.99964  0.70589  1.00000
5.663977875e-01  0.70743  1.00000  1.00000  0.99612  0.99920  0.71076  1.00000
5.692297765e-01  0.69916  1.00000  1.00000  0.97846  0.99857  0.71557  1.00000
5.720759254e-01  0.71235  1.00000  1.00000  0.99127  0.99766  0.72031  1.00000
5.749363050e-01  0.71338  1.00000  1.00000  0.98797  0.99595  0.72500  1.00000
5.778109865e-01  0.71881  1.00000  1.00000  0.98869  0.99645  0.72961  1.00000
5.807000414e-01  0.72659  1.00000  1.00000  0.99099  0.99866  0.73417  1.00000
5.836035417e-01  0.73164  1.00000  1.00000  0.99085  0.99963  0.73867  1.00000
5.865215594e-01  0.72196  1.00000  1.00000  0.97166  0.99990  0.74310  1.00000
5.894541672e-01  0.67510  1.00000  1.00000  0.90338  0.99977  0.74747  1.00000
5.924014380e-01  0.70506  1.00000  1.00000  0.93882  0.99896  0.75178  1.00000
5.953634452e-01  0.69964  1.00000  1.00000  0.92772  0.99752  0.75603  1.00000
5.983402624e-01  0.70807  1.00000  1.00000  0.93380  0.99743  0.76022  1.00000
6.013319637e-01  0.72643  0.99999  1.00000  0.95180  0.99852  0.76435  1.00000
6.043386235e-01  0.74972  0.99997  1.00000  0.97646  0.99920  0.76842  1.00000
6.073603167e-01  0.76391  0.99999  1.00000  0.99120  0.99776  0.77242  0.99999
6.103971182e-01  0.77215  1.00000  1.00000  0.99900  0.99556  0.77637  0.99999
6.134491038e-01  0.76620  1.00000  1.00000  0.99964  0.98235  0.78026  0.99999
6.165163494e-01  0.75629  0.99999  1.00000  0.99989  0.96466  0.78410  0.99999
6.195989311e-01  0.74319  1.00000  1.00000  0.99981  0.94347  0.78787  0.99999
6.226969258e-01  0.76656  0.99990  1.00000  0.99939  0.96906  0.79159  0.99999
6.258104104e-01  0.78011  0.99980  1.00000  0.98896  0.99208  0.79525  0.99999
6.289394624e-01  0.78961  1.00000  1.00000  0.98989  0.99852  0.79886  0.99999
6.320841597e-01  0.79417  0.99993  1.00000  0.99018  0.99961  0.80241  0.99999
6.352445805e-01  0.79876  1.00000  1.00000  0.99153  0.99960  0.80591  0.99999
6.384208035e-01  0.79857  0.99985  1.00000  0.98773  0.99905  0.80935  0.99999
6.416129075e-01  0.80045  1.00000  1.00000  0.98701  0.99785  0.81274  0.99999
6.448209720e-01  0.77951  0.99997  1.00000  0.95731  0.99786  0.81607  0.99999
6.480450769e-01  0.76168  1.00000  1.00000  0.93186  0.99759  0.81936  0.99999
6.512853022e-01  0.77949  1.00000  1.00000  0.95103  0.99641  0.82259  0.99998
6.545417288e-01  0.78326  1.00000  1.00000  0.95375  0.99454  0.82577  0.99998
6.578144374e-01  0.78259  0.99996  1.00000  0.95146  0.99233  0.82890  0.99998
6.611035096e-01  0.79560  0.99997  1.00000  0.96523  0.99074  0.83198  0.99998
6.644090271e-01  0.80154  0.99999  1.00000  0.97557  0.98398  0.83500  0.99999
6.677310723e-01  0.81897  1.00000  1.00000  0.99245  0.98474  0.83798  0.99999
6.710697276e-01  0.83236  0.99999  1.00000  0.99815  0.99167  0.84091  0.99999
6.744250763e-01  0.84138  1.00000  1.00000  0.99940  0.99773  0.84380  1.00000
6.777972017e-01  0.84477  1.00000  1.00000  0.99859  0.99922  0.84663  1.00000
6.811861877e-01  0.84370  1.00000  1.00000  0.99653  0.99673  0.84942  1.00000
6.845921186e-01  0.84349  1.00000  1.00000  0.99412  0.99569  0.85216  1.00000
6.880150792e-01  0.84656  1.00000  1.00000  0.99297  0.99730  0.85486  1.00000
6.914551546e-01  0.77141  1.00000  1.00000  0.90121  0.99828  0.85751  1.00000
6.949124304e-01  0.76614  1.00000  1.00000  0.89423  0.99611  0.86012  1.00000
6.983869925e-01  0.79371  1.00000  1.00000  0.93336  0.98569  0.86268  1.00000
7.018789275e-01  0.75362  1.00000  1.00000  0.89720  0.97081  0.86521  1.00000
7.053883221e-01  0.76308  1.00000  1.00000  0.90087  0.97622  0.86768  1.00000
7.089152637e-01  0.76829  1.00000  1.00000  0.89425  0.98741  0.87012  0.99999
7.124598400e-01  0.76185  1.00000  1.00000  0.88016  0.99208  0.87251  0.99999
7.160221392e-01  0.56322  1.00000  1.00000  0.65941  0.97387  0.87487  0.99999
7.196022499e-01  0.52670  1.00000  1.00000  0.66520  0.90355  0.87718  0.99999
7.232002612e-01  0.52657  1.00000  1.00000  0.71529  0.83657  0.87945  0.99999
7.268162625e-01  0.45390  1.00000  1.00000  0.72489  0.71020  0.88169  0.99999
7.304503438e-01  0.48033  0.99993  1.00000  0.67346  0.80699  0.88388  0.99999
7.341025955e-01  0.61337  0.99994  1.00000  0.76044  0.90957  0.88604  0.99999
7.377731085e-01  0.65530  0.99998  1.00000  0.76308  0.96680  0.88816  0.99999
7.414619740e-01  0.73661  1.00000  1.00000  0.83346  0.99253  0.89024  0.99998
7.451692839e-01  0.77557  1.00000  1.00000  0.87055  0.99842  0.89229  0.99998
7.488951303e-01  0.82419  0.99999  1.00000  0.92264  0.99888  0.89430  0.99998
7.526396060e-01  0.85981  0.99998  1.00000  0.96019  0.99911  0.89628  0.99997
7.564028040e-01  0.88273  1.00000  1.00000  0.98467  0.99809  0.89822  0.99997
7.601848180e-01  0.88850  0.99999  1.00000  0.99396  0.99313  0.90012  0.99996
7.639857421e-01  0.88789  1.00000  1.00000  0.99674  0.98762  0.90200  0.99996
7.678056708e-01  0.89003  0.99999  1.00000  0.99873  0.98603  0.90384  0.99995
7.716446992e-01  0.88929  1.00000  1.00000  0.99902  0.98297  0.90564  0.99994
7.755029227e-01  0.88360  1.00000  1.00000  0.99854  0.97525  0.90742  0.99993
7.793804373e-01  0.85636  0.99991  1.00000  0.98810  0.95334  0.90916  0.99992
7.832773395e-01  0.81577  0.99949  1.00000  0.96291  0.93029  0.91087  0.99990
7.871937262e-01  0.79844  0.99972  1.00000  0.92944  0.94156  0.91255  0.99989
7.911296948e-01  0.81359  0.99998  1.00000  0.94589  0.94101  0.91420  0.99988
7.950853433e-01  0.78753  0.99894  1.00000  0.93599  0.91896  0.91582  0.99987
7.990607700e-01  0.74859  0.99990  1.00000  0.88990  0.91714  0.91742  0.99987
8.030560739e-01  0.77110  0.99949  1.00000  0.89562  0.93704  0.91898  0.99986
8.070713542e-01  0.73824  0.99995  1.00000  0.83575  0.95997  0.92052  0.99986
8.111067110e-01  0.60739  1.00000  1.00000  0.67717  0.97359  0.92202  0.99986
8.151622446e-01  0.58714  0.99813  1.00000  0.64455  0.98661  0.92350  0.99986
8.192380558e-01  0.67632  0.99981  1.00000  0.73567  0.99392  0.92495  0.99987
8.233342461e-01  0.61346  1.00000  1.00000  0.66431  0.99697  0.92638  0.99988
8.274509173e-01  0.67868  0.99973  1.00000  0.73300  0.99811  0.92778  0.99988
8.315881719e-01  0.69393  0.99997  1.00000  0.74818  0.99832  0.92916  0.99989
8.357461127e-01  0.67983  1.00000  1.00000  0.75017  0.97421  0.93051  0.99989
8.399248433e-01  0.67604  1.00000  1.00000  0.77515  0.93629  0.93183  0.99988
8.441244675e-01  0.75646  0.99995  1.00000  0.84817  0.95582  0.93313  0.99987
8.483450899e-01  0.81589  0.99949  1.00000  0.89828  0.97223  0.93441  0.99986
8.525868153e-01  0.84642  0.99978  1.00000  0.94807  0.95468  0.93566  0.99986
8.568497494e-01  0.79318  0.99973  1.00000  0.96792  0.87529  0.93689  0.99987
8.611339981e-01  0.67686  0.99992  1.00000  0.97716  0.73855  0.93810  0.99989
8.654396681e-01  0.64335  0.99993  1.00000  0.98830  0.69297  0.93928  0.99991
8.697668665e-01  0.76451  0.99999  1.00000  0.98846  0.82189  0.94045  0.99992
8.741157008e-01  0.80829  0.99994  1.00000  0.98421  0.87092  0.94159  0.99993
8.784862793e-01  0.71567  1.00000  1.00000  0.97642  0.77292  0.94271  0.99993
8.828787107e-01  0.19797  0.99999  1.00000  0.97314  0.21231  0.94381  0.99994
8.872931042e-01  0.05934  1.00000  1.00000  0.95332  0.06458  0.94488  0.99994
8.917295698e-01  0.06226  0.99999  1.00000  0.79996  0.07788  0.94594  0.99994
8.961882176e-01  0.07457  0.99987  1.00000  0.64591  0.11338  0.94698  0.99994
9.006691587e-01  0.25113  1.00000  1.00000  0.66498  0.37001  0.94800  0.99995
9.051725045e-01  0.53686  1.00000  1.00000  0.75382  0.73786  0.94900  0.99995
9.096983670e-01  0.55825  1.00000  1.00000  0.65197  0.89367  0.94998  0.99995
9.142468589e-01  0.46093  1.00000  1.00000  0.53086  0.90654  0.95095  0.99995
9.188180931e-01  0.48531  0.99999  1.00000  0.53550  0.95154  0.95189  0.99994
9.234121836e-01  0.50215  1.00000  1.00000  0.53999  0.97703  0.95282  0.99994
9.280292445e-01  0.20130  1.00000  1.00000  0.21415  0.98815  0.95373  0.99991
9.326693908e-01  0.10572  0.99999  1.00000  0.11122  0.99592  0.95462  0.99989
9.373327377e-01  0.12851  0.99992  1.00000  0.13469  0.99853  0.95550  0.99988
9.420194014e-01  0.18795  0.99974  1.00000  0.19736  0.99591  0.95636  0.99987
9.467294984e-01  0.18640  0.99988  1.00000  0.19865  0.97989  0.95720  0.99987
9.514631459e-01  0.14205  0.99985  1.00000  0.15773  0.93997  0.95803  0.99988
9.562204616e-01  0.16921  0.99994  1.00000  0.18985  0.92591  0.95884  0.99989
9.610015639e-01  0.13725  1.00000  1.00000  0.16560  0.84010  0.95964  0.99990
9.658065718e-01  0.19645  1.00000  1.00000  0.27007  0.71443  0.96042  0.99990
9.706356046e-01  0.18623  1.00000  1.00000  0.37393  0.47642  0.96118  0.99990
9.754887826e-01  0.20085  0.99996  1.00000  0.38343  0.50440  0.96194  0.99989
9.803662265e-01  0.16917  1.00000  1.00000  0.43468  0.36213  0.96267  0.99988
9.852680577e-01  0.20625  0.99995  1.00000  0.49676  0.38570  0.96340  0.99987
9.901943980e-01  0.13324  1.00000  1.00000  0.57008  0.21036  0.96411  0.99985
9.951453700e-01  0.18472  0.99996  1.00000  0.67769  0.25792  0.96480  0.99965
1.000121097e+00  0.15389  1.00000  1.00000  0.78014  0.19044  0.96549  0.99574
1.005121702e+00  0.20567  0.99998  1.00000  0.85572  0.23876  0.96616  0.99080
1.010147311e+00  0.26404  1.00000  1.00000  0.90750  0.29457  0.96681  0.98911
1.015198047e+00  0.29149  1.00000  1.00000  0.93821  0.31807  0.96746  0.98713
1.020274038e+00  0.41438  0.99998  1.00000  0.95954  0.44694  0.96809  0.98488
1.025375408e+00  0.52503  1.00000  1.00000  0.96665  0.56609  0.96871  0.98225
1.030502285e+00  0.66584  1.00000  1.00000  0.97043  0.71914  0.96932  0.97922
1.035654796e+00  0.76743  0.99999  1.00000  0.98328  0.82264  0.96992  0.97573
1.040833070e+00  0.82823  1.00000  1.00000  0.98620  0.88952  0.97050  0.97188
1.046037236e+00  0.85878  1.00000  1.00000  0.97567  0.93572  0.97108  0.96770
1.051267422e+00  0.88938  1.00000  1.00000  0.97015  0.97951  0.97164  0.96316
1.056523759e+00  0.88844  0.99996  1.00000  0.95376  1.00000  0.97219  0.95814
1.061806378e+00  0.86084  0.99999  1.00000  0.92901  1.00000  0.97273  0.95258
1.067115410e+00  0.84011  0.99966  1.00000  0.91207  1.00000  0.97326  0.94637
1.072450987e+00  0.82611  0.99942  1.00000  0.90282  1.00000  0.97379  0.93972
1.077813242e+00  0.79134  0.99990  1.00000  0.87038  1.00000  0.97430  0.93317
1.083202308e+00  0.76899  0.99626  1.00000  0.85082  0.99948  0.97480  0.92737
1.088618319e+00  0.67758  0.99999  1.00000  0.75947  0.97709  0.97529  0.92228
1.094061411e+00  0.46797  0.99995  1.00000  0.53134  0.92774  0.97577  0.91729
1.099531718e+00  0.36017  0.99788  1.00000  0.40577  0.94699  0.97624  0.91214
1.105029377e+00  0.23889  1.00000  1.00000  0.27230  0.91111  0.97671  0.90689
1.110554523e+00  0.15054  0.99987  1.00000  0.18267  0.74046  0.97716  0.90184
1.116107296e+00  0.08860  0.99194  1.00000  0.11713  0.56915  0.97761  0.89760
1.121687832e+00  0.04935  0.99999  1.00000  0.11548  0.28280  0.97805  0.89471
1.127296272e+00  0.05659  1.00000  1.00000  0.13471  0.18929  0.97848  0.89367
1.132932753e+00  0.03694  0.99994  1.00000  0.07298  0.20649  0.97890  0.89442
1.138597417e+00  0.07544  0.99410  1.00000  0.18814  0.22381  0.97931  0.89597
1.144290404e+00  0.05261  1.00000  1.00000  0.12255  0.21989  0.97971  0.89702
1.150011856e+00  0.02543  0.99999  1.00000  0.18553  0.05715  0.98011  0.89706
1.155761915e+00  0.01470  0.99996  1.00000  0.13754  0.03823  0.98050  0.89687
1.161540725e+00  0.01549  0.99072  1.00000  0.13823  0.04259  0.98088  0.89794
1.167348428e+00  0.01782  0.99999  1.00000  0.15975  0.04185  0.98125  0.90018
1.173185171e+00  0.04257  1.00000  1.00000  0.25849  0.07958  0.98162  0.90242
1.179051096e+00  0.07447  1.00000  1.00000  0.31324  0.14471  0.98198  0.90275
1.184946352e+00  0.13143  0.99995  1.00000  0.41249  0.23553  0.98233  0.90097
1.190871084e+00  0.20806  0.99678  1.00000  0.54622  0.30625  0.98268  0.89749
1.196825439e+00  0.35850  0.99998  1.00000  0.58671  0.55522  0.98302  0.89356
1.202809566e+00  0.45052  1.00000  1.00000  0.67691  0.65110  0.98335  0.89108
1.208823614e+00  0.52812  0.99998  1.00000  0.67485  0.81896  0.98368  0.89097
1.214867732e+00  0.55439  1.00000  1.00000  0.69590  0.86027  0.98400  0.89355
1.220942071e+00  0.60217  1.00000  1.00000  0.72187  0.92002  0.98431  0.89728
1.227046781e+00  0.62316  1.00000  1.00000  0.75349  0.90750  0.98462  0.90092
1.233182015e+00  0.65520  0.99994  1.00000  0.79286  0.90199  0.98492  0.90440
1.239347925e+00  0.70957  0.99273  1.00000  0.82445  0.94856  0.98522  0.90860
1.245544665e+00  0.76289  0.99439  1.00000  0.87229  0.96301  0.98551  0.91417
1.251772388e+00  0.78562  0.99885  1.00000  0.88115  0.98132  0.98579  0.91743
1.258031250e+00  0.81936  0.99998  1.00000  0.90804  0.98976  0.98607  0.92218
1.264321406e+00  0.80846  0.99868  1.00000  0.89379  0.98463  0.98634  0.92792
1.270643013e+00  0.77298  0.99996  1.00000  0.84692  0.98755  0.98661  0.93298
1.276996228e+00  0.71067  0.99982  1.00000  0.77514  0.98742  0.98687  0.93663
1.283381209e+00  0.67027  0.99999  1.00000  0.73019  0.98275  0.98713  0.93919
1.289798116e+00  0.53728  0.99833  1.00000  0.58768  0.96233  0.98738  0.94127
1.296247106e+00  0.50323  0.99995  1.00000  0.57156  0.90157  0.98763  0.94364
1.302728342e+00  0.36418  0.99998  1.00000  0.49056  0.63067  0.98787  0.94666
1.309241983e+00  0.30098  0.99999  1.00000  0.49802  0.44124  0.98811  0.95009
1.315788193e+00  0.28057  0.99996  1.00000  0.43790  0.46373  0.98834  0.95335
1.322367134e+00  0.23529  0.99998  1.00000  0.39752  0.39794  0.98857  0.95610
1.328978970e+00  0.08013  0.99999  1.00000  0.20998  0.15026  0.98880  0.95823
1.335623865e+00  0.01372  0.99569  1.00000  0.04510  0.09567  0.98902  0.95994
1.342301984e+00  0.00150  0.99951  1.00000  0.00454  0.08276  0.98923  0.96125
1.349013494e+00  0.00007  0.99946  1.00000  0.00023  0.03286  0.98945  0.96212
1.355758561e+00  0.00000  0.99948  1.00000  0.00001  0.01236  0.98965  0.96266
1.362537354e+00  0.00000  0.99997  1.00000  0.00000  0.01801  0.98986  0.96297
1.369350041e+00  0.00001  0.99943  1.00000  0.00003  0.01952  0.99005  0.96323
1.376196791e+00  0.00002  0.99997  1.00000  0.00022  0.00820  0.99025  0.96341
1.383077775e+00  0.00000  0.99885  1.00000  0.00005  0.00365  0.99044  0.96372
1.389993164e+00  0.00000  0.99994  1.00000  0.00002  0.00996  0.99063  0.96440
1.396943130e+00  0.00001  0.99972  1.00000  0.00008  0.01019  0.99081  0.96512
1.403927846e+00  0.00003  0.99998  1.00000  0.00012  0.03035  0.99099  0.96560
1.410947485e+00  0.00004  1.00000  1.00000  0.00012  0.02293  0.99117  0.96584
1.418002222e+00  0.00001  0.99998  1.00000  0.00003  0.06183  0.99135  0.96578
1.425092233e+00  0.00001  0.99981  1.00000  0.00002  0.09277  0.99152  0.96540
1.432217694e+00  0.00135  0.99892  1.00000  0.00295  0.11298  0.99168  0.96465
1.439378783e+00  0.00061  0.99993  1.00000  0.00111  0.14940  0.99185  0.96342
1.446575677e+00  0.00228  0.99966  1.00000  0.00312  0.23853  0.99201  0.96181
1.453808555e+00  0.00801  0.99997  1.00000  0.01046  0.38073  0.99216  0.95981
1.461077598e+00  0.00872  1.00000  1.00000  0.01078  0.51104  0.99232  0.95743
1.468382986e+00  0.00934  0.99982  1.00000  0.01148  0.49131  0.99247  0.95462
1.475724901e+00  0.02252  0.99999  1.00000  0.02666  0.59419  0.99262  0.95144
1.483103525e+00  0.01725  0.99993  1.00000  0.02015  0.63532  0.99276  0.94783
1.490519043e+00  0.03357  0.99999  1.00000  0.03873  0.73193  0.99291  0.94379
1.497971638e+00  0.06272  0.99989  1.00000  0.07160  0.78751  0.99304  0.93926
1.505461496e+00  0.08170  0.99999  1.00000  0.09260  0.82474  0.99318  0.93426
1.512988804e+00  0.18495  1.00000  1.00000  0.20860  0.88027  0.99332  0.92868
1.520553748e+00  0.20354  0.99992  1.00000  0.22858  0.91003  0.99345  0.92261
1.528156517e+00  0.25571  0.99999  1.00000  0.28624  0.94376  0.99358  0.91594
1.535797299e+00  0.37776  1.00000  1.00000  0.42535  0.96190  0.99370  0.90872
1.543476286e+00  0.47471  0.99993  1.00000  0.53565  0.97773  0.99383  0.90083
1.551193667e+00  0.50150  0.99999  1.00000  0.56926  0.98593  0.99395  0.89218
1.558949636e+00  0.56876  1.00000  1.00000  0.65355  0.98529  0.99407  0.88271
1.566744384e+00  0.64699  1.00000  1.00000  0.75174  0.98722  0.99418  0.87239
1.574578106e+00  0.65244  0.99999  1.00000  0.76807  0.98728  0.99430  0.86109
1.582450996e+00  0.69707  1.00000  1.00000  0.83794  0.97974  0.99441  0.84877
1.590363251e+00  0.67669  1.00000  1.00000  0.85858  0.92968  0.99452  0.83529
1.598315067e+00  0.60135  1.00000  1.00000  0.89534  0.78719  0.99463  0.82062
1.606306643e+00  0.56391  0.99999  1.00000  0.90069  0.72766  0.99473  0.80466
1.614338176e+00  0.28641  1.00000  1.00000  0.91605  0.36875  0.99484  0.78749
1.622409867e+00  0.11867  1.00000  1.00000  0.90254  0.15545  0.99494  0.76907
1.630521916e+00  0.08915  1.00000  1.00000  0.87931  0.12024  0.99504  0.74942
1.638674526e+00  0.11639  1.00000  1.00000  0.88609  0.16187  0.99514  0.72833
1.646867898e+00  0.06882  1.00000  1.00000  0.82904  0.09908  0.99523  0.70581
1.655102238e+00  0.10608  1.00000  1.00000  0.82287  0.15825  0.99533  0.68186
1.663377749e+00  0.08733  1.00000  1.00000  0.75596  0.13860  0.99542  0.65637
1.671694638e+00  0.01154  1.00000  1.00000  0.73741  0.01924  0.99551  0.62962
1.680053111e+00  0.04145  0.99999  1.00000  0.73981  0.07106  0.99560  0.60153
1.688453377e+00  0.03816  0.99995  1.00000  0.70983  0.06953  0.99568  0.57238
1.696895643e+00  0.00610  1.00000  1.00000  0.65401  0.01147  0.99577  0.54196
1.705380122e+00  0.00372  0.99999  1.00000  0.69724  0.00814  0.99585  0.51052
1.713907022e+00  0.02527  0.99992  1.00000  0.62093  0.05832  0.99593  0.47830
1.722476557e+00  0.03571  1.00000  1.00000  0.47299  0.09150  0.99602  0.44540
1.731088940e+00  0.00414  1.00000  1.00000  0.41678  0.01174  0.99609  0.41207
1.739744385e+00  0.00953  0.99990  1.00000  0.26764  0.03496  0.99617  0.37892
1.748443107e+00  0.00930  0.99889  1.00000  0.20135  0.04298  0.99625  0.34625
1.757185322e+00  0.00395  1.00000  1.00000  0.13786  0.03055  0.99632  0.31436
1.765971249e+00  0.00511  1.00000  1.00000  0.07068  0.07999  0.99639  0.28361
1.774801105e+00  0.00113  0.99987  1.00000  0.01809  0.07247  0.99646  0.25452
1.783675111e+00  0.00174  0.99847  1.00000  0.01091  0.16892  0.99653  0.22762
1.792593486e+00  0.00033  0.99999  1.00000  0.00535  0.03530  0.99660  0.20272
1.801556454e+00  0.00048  1.00000  1.00000  0.00464  0.11162  0.99667  0.17978
1.810564236e+00  0.00001  1.00000  1.00000  0.00013  0.14494  0.99673  0.15855
1.819617057e+00  0.00006  1.00000  1.00000  0.00101  0.11133  0.99680  0.13913
1.828715142e+00  0.00001  0.99953  1.00000  0.00018  0.12910  0.99686  0.12124
1.837858718e+00  0.00000  0.99343  1.00000  0.00001  0.11398  0.99692  0.10496
1.847048012e+00  0.00001  1.00000  1.00000  0.00016  0.19282  0.99698  0.09018
1.856283252e+00  0.00000  1.00000  1.00000  0.00008  0.26963  0.99704  0.07695
1.865564668e+00  0.00000  1.00000  1.00000  0.00001  0.35287  0.99710  0.06490
1.874892491e+00  0.00001  1.00000  1.00000  0.00013  0.45209  0.99716  0.05428
1.884266954e+00  0.00001  0.99960  1.00000  0.00034  0.51886  0.99722  0.04491
1.893688289e+00  0.00004  0.99356  1.00000  0.00127  0.45252  0.99727  0.03689
1.903156730e+00  0.00000  1.00000  1.00000  0.00002  0.50073  0.99732  0.03003
1.912672514e+00  0.00000  1.00000  1.00000  0.00016  0.51387  0.99738  0.02448
1.922235876e+00  0.00000  1.00000  1.00000  0.00014  0.52103  0.99743  0.01998
1.931847056e+00  0.00000  1.00000  1.00000  0.00000  0.69199  0.99748  0.01652
1.941506291e+00  0.00000  0.99995  1.00000  0.00001  0.80265  0.99753  0.01379
1.951213822e+00  0.00000  0.99874  1.00000  0.00011  0.78972  0.99758  0.01176
1.960969892e+00  0.00000  0.97880  1.00000  0.00011  0.86324  0.99763  0.01015
1.970774741e+00  0.00001  0.99999  1.00000  0.00131  0.86831  0.99767  0.00882
1.980628615e+00  0.00002  1.00000  1.00000  0.00225  0.88045  0.99772  0.00765
1.990531758e+00  0.00006  1.00000  1.00000  0.00994  0.91185  0.99776  0.00656
2.000484417e+00  0.00024  0.99997  1.00000  0.04410  0.92599  0.99781  0.00553
2.010486839e+00  0.00029  1.00000  1.00000  0.06600  0.94227  0.99785  0.00458
2.020539273e+00  0.00055  0.99957  1.00000  0.15377  0.94609  0.99789  0.00372
2.030641969e+00  0.00058  0.98883  1.00000  0.19963  0.95734  0.99793  0.00299
2.040795179e+00  0.00090  0.99996  1.00000  0.38372  0.96327  0.99798  0.00235
2.050999155e+00  0.00082  1.00000  1.00000  0.45081  0.93946  0.99802  0.00182
2.061254151e+00  0.00077  0.99999  1.00000  0.56277  0.90386  0.99805  0.00138
2.071560421e+00  0.00055  0.99985  1.00000  0.55231  0.85135  0.99809  0.00103
2.081918224e+00  0.00040  1.00000  1.00000  0.56107  0.80103  0.99813  0.00075
2.092327815e+00  0.00028  1.00000  1.00000  0.61715  0.66307  0.99817  0.00055
2.102789454e+00  0.00015  0.99999  1.00000  0.63006  0.44663  0.99820  0.00041
2.113303401e+00  0.00008  0.99914  1.00000  0.67300  0.27911  0.99824  0.00031
2.123869918e+00  0.00007  0.96968  1.00000  0.74465  0.28560  0.99827  0.00024
2.134489268e+00  0.00007  0.99997  1.00000  0.76828  0.39941  0.99831  0.00019
2.145161714e+00  0.00003  1.00000  1.00000  0.76209  0.18838  0.99834  0.00015
2.155887523e+00  0.00001  0.99992  1.00000  0.76301  0.07831  0.99837  0.00012
2.166666960e+00  0.00000  1.00000  1.00000  0.78738  0.04591  0.99841  0.00010
2.177500295e+00  0.00000  1.00000  1.00000  0.80725  0.03832  0.99844  0.00007
2.188387796e+00  0.00000  1.00000  1.00000  0.78341  0.00520  0.99847  0.00005
2.199329735e+00  0.00000  1.00000  1.00000  0.73547  0.00000  0.99850  0.00004
2.210326384e+00  0.00000  0.99988  1.00000  0.81742  0.00001  0.99853  0.00003
2.221378016e+00  0.00000  0.98885  1.00000  0.64481  0.00001  0.99856  0.00002
2.232484906e+00  0.00000  0.99997  1.00000  0.74609  0.00000  0.99859  0.00001
2.243647331e+00  0.00000  0.99974  1.00000  0.65369  0.00000  0.99861  0.00001
2.254865567e+00  0.00000  1.00000  1.00000  0.70347  0.00000  0.99864  0.00000
2.266139895e+00  0.00000  1.00000  1.00000  0.54323  0.00000  0.99867  0.00000
2.277470595e+00  0.00000  1.00000  1.00000  0.56558  0.00000  0.99869  0.00000
2.288857948e+00  0.00000  0.99998  1.00000  0.48465  0.00000  0.99872  0.00000
2.300302237e+00  0.00000  1.00000  1.00000  0.48825  0.00000  0.99874  0.00000
2.311803748e+00  0.00000  1.00000  1.00000  0.35743  0.00029  0.99877  0.00000
2.323362767e+00  0.00000  1.00000  1.00000  0.41208  0.00000  0.99879  0.00000
2.334979581e+00  0.00000  1.00000  1.00000  0.37976  0.00000  0.99882  0.00000
2.346654479e+00  0.00000  0.99998  1.00000  0.26374  0.00000  0.99884  0.00000
2.358387751e+00  0.00000  0.99988  1.00000  0.27687  0.00001  0.99886  0.00000
2.370179690e+00  0.00000  1.00000  1.00000  0.27388  0.00000  0.99889  0.00000
2.382030589e+00  0.00000  0.99982  1.00000  0.07737  0.00000  0.99891  0.00000
2.393940742e+00  0.00000  0.99995  1.00000  0.23613  0.00000  0.99893  0.00000
2.405910445e+00  0.00000  0.97214  1.00000  0.10787  0.00026  0.99895  0.00000
2.417939997e+00  0.00000  0.99534  1.00000  0.06129  0.00005  0.99897  0.00000
2.430029697e+00  0.00000  0.97805  1.00000  0.05622  0.00000  0.99899  0.00000
2.442179846e+00  0.00000  0.99926  1.00000  0.03792  0.00009  0.99901  0.00000
2.454390745e+00  0.00000  0.99052  1.00000  0.00786  0.00038  0.99903  0.00000
2.466662699e+00  0.00000  0.99972  1.00000  0.00309  0.00374  0.99905  0.00000
2.478996012e+00  0.00000  0.99782  1.00000  0.00016  0.00499  0.99907  0.00001
2.491390992e+00  0.00000  0.99633  1.00000  0.00000  0.00658  0.99909  0.00001
2.503847947e+00  0.00000  0.99792  1.00000  0.00000  0.01121  0.99911  0.00002
2.516367187e+00  0.00000  0.99994  1.00000  0.00000  0.02480  0.99912  0.00005
2.528949023e+00  0.00000  0.99678  1.00000  0.00000  0.02975  0.99914  0.00009
2.541593768e+00  0.00000  0.99989  1.00000  0.00000  0.08713  0.99916  0.00018
2.554301737e+00  0.00000  0.99961  1.00000  0.00000  0.01270  0.99917  0.00033
2.567073246e+00  0.00000  0.99977  1.00000  0.00000  0.03961  0.99919  0.00058
2.579908612e+00  0.00000  0.99674  1.00000  0.00000  0.03519  0.99921  0.00100
2.592808155e+00  0.00000  0.99986  1.00000  0.00000  0.00922  0.99922  0.00163
2.605772196e+00  0.00000  0.99996  1.00000  0.00000  0.03053  0.99924  0.00257
2.618801057e+00  0.00000  0.99993  1.00000  0.00000  0.10938  0.99925  0.00389
2.631895062e+00  0.00000  0.98802  1.00000  0.00000  0.15233  0.99927  0.00568
2.645054537e+00  0.00000  0.99945  1.00000  0.00000  0.28388  0.99928  0.00798
2.658279810e+00  0.00000  0.99998  1.00000  0.00000  0.32118  0.99930  0.01094
2.671571209e+00  0.00000  1.00000  1.00000  0.00000  0.43138  0.99931  0.01452
2.684929065e+00  0.00000  0.99824  1.00000  0.00000  0.44382  0.99932  0.01877
2.698353710e+00  0.00000  0.99990  1.00000  0.00000  0.55795  0.99934  0.02364
2.711845479e+00  0.00000  0.99999  1.00000  0.00000  0.57885  0.99935  0.02906
2.725404706e+00  0.00000  1.00000  1.00000  0.00000  0.65179  0.99936  0.03496
2.739031730e+00  0.00000  1.00000  1.00000  0.00000  0.71125  0.99937  0.04117
2.752726889e+00  0.00000  0.99997  1.00000  0.00000  0.72074  0.99939  0.04782
2.766490523e+00  0.00000  0.99995  1.00000  0.00000  0.78304  0.99940  0.05505
2.780322976e+00  0.00000  0.99992  1.00000  0.00000  0.81676  0.99941  0.06318
2.794224591e+00  0.00000  0.98531  1.00000  0.00000  0.78618  0.99942  0.07241
2.808195713e+00  0.00000  0.99866  1.00000  0.00000  0.83828  0.99943  0.08278
2.822236692e+00  0.00000  0.99883  1.00000  0.00000  0.85037  0.99945  0.09469
2.836347875e+00  0.00000  0.99992  1.00000  0.00000  0.86772  0.99946  0.10817
2.850529615e+00  0.00000  1.00000  1.00000  0.00000  0.88866  0.99947  0.12351
2.864782263e+00  0.00000  1.00000  1.00000  0.00000  0.88485  0.99948  0.14017
2.879106174e+00  0.00000  1.00000  1.00000  0.00000  0.91118  0.99949  0.15800
2.893501705e+00  0.00000  0.99814  1.00000  0.00000  0.93057  0.99950  0.17669
2.907969214e+00  0.00000  0.99985  1.00000  0.00000  0.87032  0.99951  0.19585
2.922509060e+00  0.00000  1.00000  1.00000  0.00000  0.85369  0.99952  0.21517
2.937121605e+00  0.00000  1.00000  1.00000  0.00001  0.83769  0.99953  0.23435
2.951807213e+00  0.00000  1.00000  1.00000  0.00000  0.82075  0.99954  0.25342
2.966566249e+00  0.00000  0.99986  1.00000  0.00000  0.81873  0.99955  0.27207
2.981399080e+00  0.00000  0.99862  1.00000  0.00000  0.77549  0.99955  0.29037
2.996306076e+00  0.00000  0.99252  1.00000  0.00000  0.67384  0.99956  0.30846
3.011287606e+00  0.00000  0.99931  1.00000  0.00001  0.56107  0.99957  0.32616
3.026344044e+00  0.00003  0.99999  1.00000  0.00009  0.48914  0.99958  0.34337
3.041475764e+00  0.00017  0.99999  1.00000  0.00052  0.41168  0.99959  0.36017
3.056683143e+00  0.00007  1.00000  1.00000  0.00022  0.27779  0.99960  0.37627
3.071966559e+00  0.00041  0.99925  1.00000  0.00181  0.30052  0.99960  0.39167
3.087326392e+00  0.00034  0.99992  1.00000  0.00128  0.14862  0.99961  0.40617
3.102763024e+00  0.00003  1.00000  1.00000  0.00868  0.01226  0.99962  0.41977
3.118276839e+00  0.00000  1.00000  1.00000  0.00951  0.00002  0.99963  0.43229
3.133868223e+00  0.00000  0.99997  1.00000  0.00781  0.00000  0.99963  0.44396
3.149537564e+00  0.00000  1.00000  1.00000  0.00590  0.00000  0.99964  0.45489
3.165285252e+00  0.00000  0.99969  1.00000  0.03777  0.00000  0.99965  0.46539
3.181111678e+00  0.00000  0.99994  1.00000  0.02613  0.00000  0.99966  0.47593
3.197017237e+00  0.00000  1.00000  1.00000  0.00290  0.00000  0.99966  0.48673
3.213002323e+00  0.00000  0.99906  1.00000  0.00197  0.00000  0.99967  0.49839
3.229067334e+00  0.00000  0.99136  1.00000  0.01319  0.00000  0.99968  0.51074
3.245212671e+00  0.00000  0.99993  1.00000  0.01027  0.00000  0.99968  0.52380
3.261438734e+00  0.00000  0.99993  1.00000  0.06414  0.00000  0.99969  0.53772
3.277745928e+00  0.00000  1.00000  1.00000  0.01387  0.00000  0.99969  0.55256
3.294134658e+00  0.00000  1.00000  1.00000  0.02717  0.00000  0.99970  0.56802
3.310605331e+00  0.00000  1.00000  1.00000  0.01466  0.00000  0.99971  0.58376
3.327158358e+00  0.00000  0.99999  1.00000  0.03716  0.00000  0.99971  0.59941
3.343794149e+00  0.00000  1.00000  1.00000  0.02944  0.00000  0.99972  0.61468
3.360513120e+00  0.00000  1.00000  1.00000  0.02997  0.00000  0.99972  0.62929
3.377315686e+00  0.00000  0.99997  1.00000  0.02099  0.00000  0.99973  0.64332
3.394202264e+00  0.00000  1.00000  1.00000  0.03646  0.00000  0.99973  0.65642
3.411173276e+00  0.00000  1.00000  1.00000  0.02841  0.00000  0.99974  0.66868
3.428229142e+00  0.00000  0.99999  1.00000  0.08423  0.00000  0.99974  0.68010
3.445370288e+00  0.00000  0.99994  1.00000  0.12418  0.00000  0.99975  0.69062
3.462597139e+00  0.00000  1.00000  1.00000  0.12829  0.00000  0.99975  0.70022
3.479910125e+00  0.00000  0.99980  1.00000  0.19071  0.00000  0.99976  0.70912
3.497309675e+00  0.00000  0.99753  1.00000  0.20207  0.00000  0.99976  0.71703
3.514796224e+00  0.00000  1.00000  1.00000  0.23073  0.00000  0.99977  0.72433
3.532370205e+00  0.00000  0.99999  1.00000  0.37071  0.00000  0.99977  0.73071
3.550032056e+00  0.00000  1.00000  1.00000  0.32060  0.00000  0.99978  0.73641
3.567782216e+00  0.00000  1.00000  1.00000  0.44054  0.00000  0.99978  0.74136
3.585621127e+00  0.00000  1.00000  1.00000  0.54466  0.00000  0.99979  0.74561
3.603549233e+00  0.00000  1.00000  1.00000  0.63619  0.00000  0.99979  0.74908
3.621566979e+00  0.00000  1.00000  1.00000  0.62225  0.00000  0.99979  0.75192
3.639674814e+00  0.00000  1.00000  1.00000  0.74600  0.00000  0.99980  0.75401
3.657873188e+00  0.00000  1.00000  1.00000  0.73527  0.00000  0.99980  0.75551
3.676162554e+00  0.00001  1.00000  1.00000  0.50015  0.00001  0.99981  0.75637
3.694543367e+00  0.00001  1.00000  1.00000  0.51097  0.00001  0.99981  0.75674
3.713016084e+00  0.00011  1.00000  1.00000  0.62568  0.00015  0.99981  0.75652
3.731581164e+00  0.00083  0.99999  1.00000  0.65017  0.00115  0.99982  0.75583
3.750239070e+00  0.00224  1.00000  1.00000  0.67427  0.00316  0.99982  0.75468
3.768990265e+00  0.00076  1.00000  1.00000  0.65114  0.00106  0.99982  0.75312
3.787835216e+00  0.00068  0.99982  1.00000  0.68068  0.00094  0.99983  0.75117
3.806774393e+00  0.00418  0.99661  1.00000  0.58820  0.00609  0.99983  0.74885
3.825808265e+00  0.02424  1.00000  1.00000  0.57494  0.03665  0.99983  0.74612
3.844937306e+00  0.00114  1.00000  1.00000  0.65897  0.00163  0.99984  0.74307
3.864161992e+00  0.00438  1.00000  1.00000  0.61441  0.00639  0.99984  0.73964
3.883482802e+00  0.00974  1.00000  1.00000  0.55930  0.01625  0.99984  0.73590
3.902900216e+00  0.00217  1.00000  1.00000  0.65385  0.00312  0.99985  0.73178
3.922414717e+00  0.01693  1.00000  1.00000  0.65711  0.02447  0.99985  0.72739
3.942026791e+00  0.01339  1.00000  1.00000  0.58313  0.02036  0.99985  0.72261
3.961736925e+00  0.02027  1.00000  1.00000  0.77877  0.02927  0.99986  0.71751
3.981545610e+00  0.01481  1.00000  1.00000  0.61829  0.02238  0.99986  0.71214
4.001453338e+00  0.03077  1.00000  1.00000  0.69112  0.04507  0.99986  0.70646
4.021460604e+00  0.03774  1.00000  1.00000  0.70537  0.05739  0.99986  0.70041
4.041567907e+00  0.04285  1.00000  1.00000  0.74605  0.06401  0.99987  0.69412
4.061775747e+00  0.07856  0.99999  1.00000  0.63826  0.12452  0.99987  0.68758
4.082084626e+00  0.11400  1.00000  1.00000  0.67074  0.17831  0.99987  0.68070
4.102495049e+00  0.09848  1.00000  1.00000  0.66035  0.16675  0.99987  0.67352
4.123007524e+00  0.14650  1.00000  1.00000  0.53753  0.25603  0.99988  0.66610
4.143622562e+00  0.10635  0.99999  1.00000  0.54853  0.19313  0.99988  0.65831
4.164340674e+00  0.10057  0.99967  1.00000  0.34309  0.24257  0.99988  0.65021
4.185162378e+00  0.08919  0.99990  1.00000  0.26269  0.28596  0.99988  0.64187
4.206088190e+00  0.13172  1.00000  1.00000  0.26583  0.51949  0.99989  0.63321
4.227118631e+00  0.04399  1.00000  1.00000  0.15668  0.20464  0.99989  0.62420
4.248254224e+00  0.02715  1.00000  1.00000  0.05257  0.51747  0.99989  0.61486
4.269495495e+00  0.04410  1.00000  1.00000  0.10691  0.32252  0.99989  0.60535
4.290842972e+00  0.02646  1.00000  1.00000  0.05355  0.46363  0.99990  0.59557
4.312297187e+00  0.01867  1.00000  1.00000  0.03959  0.40251  0.99990  0.58545
4.333858673e+00  0.02406  1.00000  1.00000  0.05241  0.45740  0.99990  0.57518
4.355527967e+00  0.00809  1.00000  1.00000  0.01700  0.45482  0.99990  0.56471
4.377305606e+00  0.02537  1.00000  1.00000  0.05270  0.59039  0.99990  0.55401
4.399192134e+00  0.00231  0.99984  1.00000  0.00465  0.51907  0.99991  0.54321
4.421188095e+00  0.02215  1.00000  1.00000  0.04535  0.61858  0.99991  0.53202
4.443294036e+00  0.00452  1.00000  1.00000  0.00913  0.60133  0.99991  0.52077
4.465510506e+00  0.01829  1.00000  1.00000  0.03654  0.74803  0.99991  0.50932
4.487838058e+00  0.01443  1.00000  1.00000  0.03127  0.63440  0.99991  0.49787
4.510277249e+00  0.00618  1.00000  1.00000  0.01313  0.81447  0.99991  0.48613
4.532828635e+00  0.01013  1.00000  1.00000  0.02219  0.63447  0.99992  0.47436
4.555492778e+00  0.03511  1.00000  1.00000  0.14721  0.34816  0.99992  0.46242
4.578270242e+00  0.03072  0.99987  1.00000  0.07156  0.70466  0.99992  0.45042
4.601161593e+00  0.03300  1.00000  1.00000  0.07726  0.79397  0.99992  0.43834
4.624167401e+00  0.00450  1.00000  1.00000  0.01088  0.77329  0.99992  0.42617
4.647288238e+00  0.00085  1.00000  1.00000  0.00208  0.84970  0.99992  0.41400
4.670524679e+00  0.00310  1.00000  1.00000  0.00790  0.75128  0.99993  0.40168
4.693877303e+00  0.01486  0.99698  1.00000  0.03830  0.86323  0.99993  0.38951
4.717346689e+00  0.00101  0.99994  1.00000  0.00268  0.80617  0.99993  0.37729
4.740933423e+00  0.00465  1.00000  1.00000  0.01289  0.87089  0.99993  0.36504
4.764638090e+00  0.00413  1.00000  1.00000  0.01205  0.77356  0.99993  0.35306
4.788461280e+00  0.00110  1.00000  1.00000  0.00325  0.92070  0.99993  0.34095
4.812403587e+00  0.00074  1.00000  1.00000  0.00222  0.94492  0.99993  0.32914
4.836465604e+00  0.00175  1.00000  1.00000  0.00548  0.93660  0.99993  0.31724
4.860647933e+00  0.00041  1.00000  1.00000  0.00135  0.94367  0.99994  0.30552
4.884951172e+00  0.00022  1.00000  1.00000  0.00073  0.94614  0.99994  0.29395
4.909375928e+00  0.00069  1.00000  1.00000  0.00247  0.93954  0.99994  0.28249
4.933922808e+00  0.00061  1.00000  1.00000  0.00224  0.94386  0.99994  0.27121
4.958592422e+00  0.00003  1.00000  1.00000  0.00012  0.94918  0.99994  0.26003
4.983385384e+00  0.00014  1.00000  1.00000  0.00058  0.93132  0.99994  0.24895
5.008302311e+00  0.00002  1.00000  1.00000  0.00007  0.93299  0.99994  0.23810
5.033343822e+00  0.00001  0.99999  1.00000  0.00007  0.95266  0.99994  0.22743
5.058510541e+00  0.00006  0.99766  1.00000  0.00026  0.90901  0.99995  0.21705
5.083803094e+00  0.00001  0.99990  1.00000  0.00003  0.86160  0.99995  0.20678
5.109222110e+00  0.00001  1.00000  1.00000  0.00004  0.85096  0.99995  0.19670
5.134768220e+00  0.00000  1.00000  1.00000  0.00000  0.78908  0.99995  0.18678
5.160442061e+00  0.00000  1.00000  1.00000  0.00000  0.92001  0.99995  0.17723
5.186244272e+00  0.00000  1.00000  1.00000  0.00000  0.77295  0.99995  0.16789
5.212175493e+00  0.00000  1.00000  1.00000  0.00000  0.82870  0.99995  0.15886
5.238236370e+00  0.00000  1.00000  1.00000  0.00000  0.80606  0.99995  0.15007
5.264427552e+00  0.00000  1.00000  1.00000  0.00000  0.56538  0.99995  0.14164
5.290749690e+00  0.00000  1.00000  1.00000  0.00000  0.38151  0.99995  0.13337
5.317203438e+00  0.00000  1.00000  1.00000  0.00000  0.31948  0.99996  0.12550
5.343789456e+00  0.00000  1.00000  1.00000  0.00000  0.24544  0.99996  0.11793
5.370508403e+00  0.00000  1.00000  1.00000  0.00000  0.27788  0.99996  0.11081
5.397360945e+00  0.00000  1.00000  1.00000  0.00000  0.23955  0.99996  0.10393
5.424347750e+00  0.00000  1.00000  1.00000  0.00000  0.13764  0.99996  0.09738
5.451469488e+00  0.00000  1.00000  1.00000  0.00000  0.05952  0.99996  0.09114
5.478726836e+00  0.00000  0.99998  1.00000  0.00000  0.06756  0.99996  0.08519
5.506120470e+00  0.00000  0.98348  1.00000  0.00000  0.04591  0.99996  0.07951
5.533651072e+00  0.00000  0.99881  1.00000  0.00000  0.05329  0.99996  0.07412
5.561319328e+00  0.00000  0.99999  1.00000  0.00000  0.06262  0.99996  0.06900
5.589125924e+00  0.00000  1.00000  1.00000  0.00000  0.04099  0.99996  0.06411
5.617071554e+00  0.00000  1.00000  1.00000  0.00000  0.00822  0.99996  0.05949
5.645156912e+00  0.00000  1.00000  1.00000  0.00000  0.00105  0.99996  0.05512
5.673382696e+00  0.00000  1.00000  1.00000  0.00000  0.00567  0.99997  0.05099
5.701749610e+00  0.00000  1.00000  1.00000  0.00000  0.01776  0.99997  0.04712
5.730258358e+00  0.00000  1.00000  1.00000  0.00000  0.02132  0.99997  0.04342
5.758909650e+00  0.00000  1.00000  1.00000  0.00000  0.01658  0.99997  0.03995
5.787704198e+00  0.00000  1.00000  1.00000  0.00000  0.01005  0.99997  0.03676
5.816642719e+00  0.00000  0.99997  1.00000  0.00000  0.00090  0.99997  0.03370
5.845725932e+00  0.00000  1.00000  1.00000  0.00000  0.00001  0.99997  0.03086
5.874954562e+00  0.00000  1.00000  1.00000  0.00000  0.00155  0.99997  0.02822
5.904329335e+00  0.00000  1.00000  1.00000  0.00000  0.00607  0.99997  0.02575
5.933850982e+00  0.00000  1.00000  1.00000  0.00000  0.00519  0.99997  0.02348
5.963520237e+00  0.00000  1.00000  1.00000  0.00000  0.00078  0.99997  0.02140
5.993337838e+00  0.00000  1.00000  1.00000  0.00000  0.00021  0.99997  0.01943
6.023304527e+00  0.00000  1.00000  1.00000  0.00000  0.00034  0.99997  0.01765
6.053421050e+00  0.00000  0.99999  1.00000  0.00000  0.00011  0.99997  0.01602
6.083688155e+00  0.00000  0.99996  1.00000  0.00000  0.00026  0.99997  0.01453
6.114106596e+00  0.00000  0.98978  1.00000  0.00000  0.00004  0.99997  0.01315
6.144677129e+00  0.00000  0.99890  1.00000  0.00000  0.00015  0.99997  0.01188
6.175400514e+00  0.00000  1.00000  1.00000  0.00000  0.00006  0.99997  0.01072
6.206277517e+00  0.00000  1.00000  1.00000  0.00000  0.00019  0.99998  0.00965
6.237308904e+00  0.00000  1.00000  1.00000  0.00000  0.00017  0.99998  0.00868
6.268495449e+00  0.00000  1.00000  1.00000  0.00000  0.00008  0.99998  0.00781
6.299837926e+00  0.00000  1.00000  1.00000  0.00000  0.00005  0.99998  0.00700
6.331337116e+00  0.00000  1.00000  1.00000  0.00000  0.00014  0.99998  0.00628
6.362993801e+00  0.00000  1.00000  1.00000  0.00000  0.00000  0.99998  0.00563
6.394808770e+00  0.00000  1.00000  1.00000  0.00000  0.00000  0.99998  0.00505
6.426782814e+00  0.00000  1.00000  1.00000  0.00000  0.00000  0.99998  0.00453
6.458916728e+00  0.00000  0.99998  1.00000  0.00000  0.00000  0.99998  0.00406
6.491211312e+00  0.00000  1.00000  1.00000  0.00000  0.00000  0.99998  0.00364
6.523667368e+00  0.00000  1.00000  1.00000  0.00000  0.00000  0.99998  0.00328
6.556285705e+00  0.00000  1.00000  1.00000  0.00000  0.00033  0.99998  0.00295
6.589067134e+00  0.00000  1.00000  1.00000  0.00000  0.00441  0.99998  0.00266
6.622012469e+00  0.00000  1.00000  1.00000  0.00000  0.01265  0.99998  0.00240
6.655122532e+00  0.00000  1.00000  1.00000  0.00000  0.00481  0.99998  0.00218
6.688398144e+00  0.00000  1.00000  1.00000  0.00000  0.01067  0.99998  0.00198
6.721840135e+00  0.00000  1.00000  1.00000  0.00000  0.00090  0.99998  0.00181
6.755449336e+00  0.00000  1.00000  1.00000  0.00000  0.00000  0.99998  0.00166
6.789226583e+00  0.00000  0.99999  1.00000  0.00000  0.00000  0.99998  0.00153
6.823172715e+00  0.00000  0.99998  1.00000  0.00000  0.00000  0.99998  0.00142
6.857288579e+00  0.00000  0.99991  1.00000  0.00000  0.00003  0.99998  0.00132
6.891575022e+00  0.00000  0.99734  1.00000  0.00000  0.00001  0.99998  0.00123
6.926032897e+00  0.00000  0.97219  1.00000  0.00000  0.00000  0.99998  0.00115
6.960663062e+00  0.00000  0.99994  1.00000  0.00000  0.00000  0.99998  0.00107
6.995466377e+00  0.00000  0.99998  1.00000  0.00000  0.00000  0.99998  0.00101
7.030443709e+00  0.00000  0.99999  1.00000  0.00000  0.00000  0.99998  0.00095
7.065595927e+00  0.00000  1.00000  1.00000  0.00000  0.00000  0.99998  0.00090
7.100923907e+00  0.00000  1.00000  1.00000  0.00000  0.00000  0.99999  0.00085
7.136428526e+00  0.00000  0.99999  1.00000  0.00000  0.00000  0.99999  0.00081
7.172110669e+00  0.00000  1.00000  1.00000  0.00000  0.00000  0.99999  0.00077
7.207971222e+00  0.00000  1.00000  1.00000  0.00000  0.00000  0.99999  0.00073
7.244011079e+00  0.00000  0.99999  1.00000  0.00000  0.00000  0.99999  0.00069
7.280231134e+00  0.00000  0.99987  1.00000  0.00000  0.00000  0.99999  0.00066
7.316632290e+00  0.00000  1.00000  1.00000  0.00000  0.00000  0.99999  0.00062
7.353215451e+00  0.00000  1.00000  1.00000  0.00000  0.00000  0.99999  0.00059
7.389981528e+00  0.00000  1.00000  1.00000  0.00000  0.00000  0.99999  0.00056
7.426931436e+00  0.00000  1.00000  1.00000  0.00000  0.00000  0.99999  0.00053
7.464066093e+00  0.00000  1.00000  1.00000  0.00000  0.00000  0.99999  0.00050
7.501386424e+00  0.00000  1.00000  1.00000  0.00000  0.00000  0.99999  0.00047
7.538893356e+00  0.00000  1.00000  1.00000  0.00000  0.00000  0.99999  0.00044
7.576587822e+00  0.00000  1.00000  1.00000  0.00000  0.00000  0.99999  0.00041
7.614470762e+00  0.00000  1.00000  1.00000  0.00000  0.00000  0.99999  0.00038
7.652543115e+00  0.00000  1.00000  1.00000  0.00000  0.00000  0.99999  0.00036
7.690805831e+00  0.00000  1.00000  1.00000  0.00000  0.00000  0.99999  0.00034
7.729259860e+00  0.00000  1.00000  1.00000  0.00000  0.00000  0.99999  0.00031
7.767906159e+00  0.00000  1.00000  1.00000  0.00000  0.00000  0.99999  0.00029
7.806745690e+00  0.00000  1.00000  1.00000  0.00000  0.00000  0.99999  0.00027
7.845779419e+00  0.00000  1.00000  1.00000  0.00000  0.00000  0.99999  0.00025
7.885008316e+00  0.00000  0.99999  1.00000  0.00000  0.00000  0.99999  0.00024
7.924433357e+00  0.00000  0.99999  1.00000  0.00000  0.00000  0.99999  0.00022
7.964055524e+00  0.00000  0.99994  1.00000  0.00000  0.00000  0.99999  0.00020
8.003875802e+00  0.00000  0.99894  1.00000  0.00008  0.00000  0.99999  0.00019
8.043895181e+00  0.00000  0.97741  1.00000  0.00001  0.00000  0.99999  0.00018
8.084114657e+00  0.00000  0.99997  1.00000  0.00030  0.00000  0.99999  0.00016
8.124535230e+00  0.00000  0.99999  1.00000  0.00002  0.00000  0.99999  0.00015
8.165157906e+00  0.00000  0.99999  1.00000  0.00000  0.00000  0.99999  0.00014
8.205983696e+00  0.00000  1.00000  1.00000  0.00010  0.00000  0.99999  0.00013
8.247013614e+00  0.00000  1.00000  1.00000  0.00004  0.00000  0.99999  0.00012
8.288248682e+00  0.00000  1.00000  1.00000  0.00255  0.00000  0.99999  0.00011
8.329689926e+00  0.00000  1.00000  1.00000  0.00001  0.00000  0.99999  0.00011
8.371338375e+00  0.00000  1.00000  1.00000  0.00069  0.00000  0.99999  0.00010
8.413195067e+00  0.00000  1.00000  1.00000  0.01359  0.00000  0.99999  0.00009
8.455261042e+00  0.00000  0.99993  1.00000  0.00118  0.00000  0.99999  0.00008
8.497537348e+00  0.00000  1.00000  1.00000  0.00001  0.00000  0.99999  0.00008
8.540025034e+00  0.00000  1.00000  1.00000  0.00229  0.00000  0.99999  0.00007
8.582725160e+00  0.00000  1.00000  1.00000  0.00311  0.00000  0.99999  0.00007
8.625638785e+00  0.00000  1.00000  1.00000  0.02783  0.00000  0.99999  0.00006
8.668766979e+00  0.00000  1.00000  1.00000  0.00106  0.00000  0.99999  0.00006
8.712110814e+00  0.00000  1.00000  1.00000  0.00401  0.00000  0.99999  0.00005
8.755671368e+00  0.00000  1.00000  1.00000  0.00585  0.00000  0.99999  0.00005
8.799449725e+00  0.00000  1.00000  1.00000  0.00660  0.00000  0.99999  0.00005
8.843446974e+00  0.00000  1.00000  1.00000  0.05575  0.00000  0.99999  0.00004
8.887664209e+00  0.00000  1.00000  1.00000  0.14528  0.00001  0.99999  0.00004
8.932102530e+00  0.00000  1.00000  1.00000  0.01289  0.00010  0.99999  0.00004
8.976763042e+00  0.00000  1.00000  1.00000  0.01033  0.00206  0.99999  0.00004
9.021646857e+00  0.00000  0.99996  1.00000  0.06089  0.01970  0.99999  0.00003
9.066755092e+00  0.00000  1.00000  1.00000  0.02357  0.00788  0.99999  0.00003
9.112088867e+00  0.00000  1.00000  1.00000  0.21494  0.00903  0.99999  0.00003
9.157649312e+00  0.00000  1.00000  1.00000  0.08385  0.01342  0.99999  0.00003
9.203437558e+00  0.00000  1.00000  1.00000  0.26494  0.08544  0.99999  0.00003
9.249454746e+00  0.00000  1.00000  1.00000  0.10760  0.07123  0.99999  0.00003
9.295702020e+00  0.00000  1.00000  1.00000  0.04049  0.12031  0.99999  0.00003
9.342180530e+00  0.00000  1.00000  1.00000  0.12157  0.08393  0.99999  0.00003
9.388891432e+00  0.00000  1.00000  1.00000  0.01822  0.07827  0.99999  0.00003
9.435835890e+00  0.00000  0.99999  1.00000  0.05227  0.16213  0.99999  0.00003
9.483015069e+00  0.00000  0.99998  1.00000  0.11678  0.11106  0.99999  0.00003
9.530430144e+00  0.00000  0.99996  1.00000  0.23387  0.20170  0.99999  0.00003
9.578082295e+00  0.00000  0.99991  1.00000  0.09648  0.31498  0.99999  0.00003
9.625972707e+00  0.00000  0.99881  1.00000  0.03192  0.23802  0.99999  0.00003
9.674102570e+00  0.00000  0.93207  1.00000  0.07957  0.41295  0.99999  0.00003
9.722473083e+00  0.00000  0.99737  1.00000  0.16128  0.34831  1.00000  0.00003
9.771085448e+00  0.00000  0.99994  1.00000  0.35417  0.32042  1.00000  0.00003
9.819940876e+00  0.00000  0.99997  1.00000  0.07690  0.52530  1.00000  0.00003
9.869040580e+00  0.00000  0.99998  1.00000  0.01067  0.40068  1.00000  0.00003
9.918385783e+00  0.00000  1.00000  1.00000  0.11443  0.34664  1.00000  0.00004
9.967977712e+00  0.00001  1.00000  1.00000  0.25435  0.66843  1.00000  0.00004
1.001781760e+01  0.00000  1.00000  1.00000  0.06720  0.60324  1.00000  0.00004
1.006790669e+01  0.00000  1.00000  1.00000  0.22462  0.37260  1.00000  0.00004
1.011824622e+01  0.00001  1.00000  1.00000  0.23140  0.75691  1.00000  0.00005
1.016883745e+01  0.00001  0.99969  1.00000  0.23100  0.67918  1.00000  0.00005
1.021968164e+01  0.00001  0.99998  1.00000  0.28265  0.54732  1.00000  0.00005
1.027078005e+01  0.00000  0.99991  1.00000  0.04132  0.74905  1.00000  0.00006
1.032213395e+01  0.00000  0.99999  1.00000  0.02366  0.86515  1.00000  0.00006
1.037374462e+01  0.00000  1.00000  1.00000  0.00730  0.70321  1.00000  0.00006
1.042561334e+01  0.00000  1.00000  1.00000  0.00891  0.74472  1.00000  0.00007
1.047774141e+01  0.00000  1.00000  1.00000  0.02225  0.82692  1.00000  0.00007
1.053013012e+01  0.00002  0.99997  1.00000  0.21139  0.82229  1.00000  0.00008
1.058278077e+01  0.00000  1.00000  1.00000  0.03276  0.65692  1.00000  0.00009
1.063569467e+01  0.00001  1.00000  1.00000  0.06901  0.90512  1.00000  0.00009
1.068887314e+01  0.00000  1.00000  1.00000  0.03149  0.91739  1.00000  0.00010
1.074231751e+01  0.00000  1.00000  1.00000  0.01203  0.77349  1.00000  0.00010
1.079602910e+01  0.00002  1.00000  1.00000  0.20781  0.88283  1.00000  0.00011
1.085000924e+01  0.00000  0.99976  1.00000  0.03046  0.95133  1.00000  0.00012
1.090425929e+01  0.00001  0.99998  1.00000  0.06005  0.89166  1.00000  0.00012
1.095878058e+01  0.00000  1.00000  1.00000  0.00589  0.84378  1.00000  0.00013
1.101357449e+01  0.00000  1.00000  1.00000  0.00013  0.96779  1.00000  0.00013
1.106864236e+01  0.00000  1.00000  1.00000  0.01743  0.96256  1.00000  0.00014
1.112398557e+01  0.00001  1.00000  1.00000  0.06036  0.84965  1.00000  0.00015
1.117960550e+01  0.00002  1.00000  1.00000  0.14938  0.94247  1.00000  0.00016
1.123550353e+01  0.00000  1.00000  1.00000  0.02367  0.99339  1.00000  0.00016
1.129168104e+01  0.00001  1.00000  1.00000  0.06803  0.93272  1.00000  0.00017
1.134813945e+01  0.00001  1.00000  1.00000  0.07098  0.89527  1.00000  0.00017
1.140488015e+01  0.00001  1.00000  1.00000  0.07326  0.98153  1.00000  0.00018
1.146190455e+01  0.00001  1.00000  1.00000  0.06000  0.99048  1.00000  0.00019
1.151921407e+01  0.00003  1.00000  1.00000  0.17636  0.93477  1.00000  0.00020
1.157681014e+01  0.00001  0.99863  1.00000  0.04167  0.97260  1.00000  0.00020
1.163469419e+01  0.00000  0.99986  1.00000  0.00348  0.99423  1.00000  0.00021
1.169286766e+01  0.00000  1.00000  1.00000  0.00046  0.99943  1.00000  0.00022
1.175133200e+01  0.00000  1.00000  1.00000  0.00185  0.98199  1.00000  0.00022
1.181008866e+01  0.00000  1.00000  1.00000  0.00461  0.99814  1.00000  0.00023
1.186913910e+01  0.00000  1.00000  1.00000  0.01089  0.99999  1.00000  0.00024
1.192848480e+01  0.00001  1.00000  1.00000  0.05912  0.99999  1.00000  0.00025
1.198812722e+01  0.00001  0.99999  1.00000  0.03750  1.00000  1.00000  0.00025
1.204806786e+01  0.00000  0.99999  1.00000  0.01859  1.00000  1.00000  0.00026
1.210830820e+01  0.00002  0.99999  1.00000  0.05743  1.00000  1.00000  0.00027
1.216884974e+01  0.00003  0.99997  1.00000  0.11849  1.00000  1.00000  0.00028
1.222969399e+01  0.00002  0.99724  1.00000  0.07254  1.00000  1.00000  0.00029
1.229084246e+01  0.00001  0.97554  1.00000  0.01982  1.00000  1.00000  0.00030
1.235229667e+01  0.00001  0.99992  1.00000  0.03808  1.00000  1.00000  0.00030
1.241405815e+01  0.00000  0.99951  1.00000  0.00004  1.00000  1.00000  0.00031
1.247612845e+01  0.00000  0.99547  1.00000  0.00033  1.00000  1.00000  0.00032
1.253850909e+01  0.00000  0.99998  1.00000  0.00000  1.00000  1.00000  0.00033
1.260120163e+01  0.00000  0.99999  1.00000  0.00149  1.00000  1.00000  0.00034
1.266420764e+01  0.00001  0.99999  1.00000  0.01565  0.99974  1.00000  0.00035
1.272752868e+01  0.00000  0.99995  1.00000  0.00625  0.99741  1.00000  0.00036
1.279116632e+01  0.00001  1.00000  1.00000  0.03804  0.99935  1.00000  0.00037
1.285512215e+01  0.00000  0.99999  1.00000  0.00221  1.00000  1.00000  0.00038
1.291939776e+01  0.00001  0.99995  1.00000  0.01344  1.00000  1.00000  0.00039
1.298399475e+01  0.00000  1.00000  1.00000  0.00156  1.00000  1.00000  0.00040
1.304891473e+01  0.00000  1.00000  1.00000  0.00048  1.00000  1.00000  0.00041
1.311415930e+01  0.00000  1.00000  1.00000  0.00337  1.00000  1.00000  0.00042
1.317973010e+01  0.00000  1.00000  1.00000  0.00116  1.00000  1.00000  0.00043
1.324562875e+01  0.00000  1.00000  1.00000  0.00000  0.99999  1.00000  0.00044
1.331185689e+01  0.00000  1.00000  1.00000  0.00017  0.99999  1.00000  0.00045
1.337841618e+01  0.00000  1.00000  1.00000  0.00215  0.99964  1.00000  0.00046
1.344530826e+01  0.00000  0.99999  1.00000  0.00000  0.99500  1.00000  0.00047
1.351253480e+01  0.00000  0.99939  1.00000  0.00000  0.99004  1.00000  0.00048
1.358009747e+01  0.00000  0.99173  1.00000  0.00004  0.96110  1.00000  0.00049
1.364799796e+01  0.00000  0.99995  1.00000  0.00002  0.99239  1.00000  0.00050
1.371623795e+01  0.00000  0.99999  1.00000  0.00039  0.99288  1.00000  0.00051
1.378481914e+01  0.00000  1.00000  1.00000  0.00486  0.98896  1.00000  0.00053
1.385374323e+01  0.00000  1.00000  1.00000  0.00001  0.96427  1.00000  0.00054
1.392301195e+01  0.00000  1.00000  1.00000  0.00002  0.97406  1.00000  0.00055
1.399262701e+01  0.00000  1.00000  1.00000  0.00000  0.99425  1.00000  0.00056
1.406259015e+01  0.00000  1.00000  1.00000  0.00002  0.99887  1.00000  0.00057
1.413290310e+01  0.00000  1.00000  1.00000  0.00000  0.98292  1.00000  0.00058
1.420356761e+01  0.00000  0.99997  1.00000  0.00000  0.96006  1.00000  0.00059
1.427458545e+01  0.00000  0.99999  1.00000  0.00000  0.98755  1.00000  0.00060
1.434595838e+01  0.00000  1.00000  1.00000  0.00000  0.98266  1.00000  0.00061
1.441768817e+01  0.00000  1.00000  1.00000  0.00000  0.98609  1.00000  0.00062
1.448977661e+01  0.00000  1.00000  1.00000  0.00000  0.99690  1.00000  0.00063
1.456222549e+01  0.00000  1.00000  1.00000  0.00000  0.96183  1.00000  0.00064
1.463503662e+01  0.00000  1.00000  1.00000  0.00000  0.98676  1.00000  0.00065
1.470821180e+01  0.00000  1.00000  1.00000  0.00000  0.95236  1.00000  0.00066
1.478175286e+01  0.00000  0.99999  1.00000  0.00000  0.98121  1.00000  0.00067
1.485566163e+01  0.00000  0.99999  1.00000  0.00000  0.97941  1.00000  0.00068
1.492993994e+01  0.00000  0.99928  1.00000  0.00000  0.96683  1.00000  0.00070
1.500458964e+01  0.00000  0.98231  1.00000  0.00000  0.93867  1.00000  0.00071
1.507961258e+01  0.00000  0.99986  1.00000  0.00000  0.97438  1.00000  0.00073
1.515501065e+01  0.00000  0.99998  1.00000  0.00000  0.97547  1.00000  0.00074
1.523078570e+01  0.00000  0.99999  1.00000  0.00000  0.98245  1.00000  0.00076
1.530693963e+01  0.00000  1.00000  1.00000  0.00000  0.95265  1.00000  0.00077
1.538347433e+01  0.00000  1.00000  1.00000  0.00000  0.97571  1.00000  0.00079
1.546039170e+01  0.00000  1.00000  1.00000  0.00000  0.99047  1.00000  0.00081
1.553769366e+01  0.00000  1.00000  1.00000  0.00000  0.92590  1.00000  0.00083
1.561538212e+01  0.00000  1.00000  1.00000  0.00000  0.99685  1.00000  0.00085
1.569345903e+01  0.00000  0.99990  1.00000  0.00000  0.95260  1.00000  0.00088
1.577192633e+01  0.00000  1.00000  1.00000  0.00000  0.94726  1.00000  0.00090
1.585078596e+01  0.00000  1.00000  1.00000  0.00000  0.96756  1.00000  0.00093
1.593003989e+01  0.00000  1.00000  1.00000  0.00000  0.98447  1.00000  0.00096
1.600969009e+01  0.00000  1.00000  1.00000  0.00000  0.97082  1.00000  0.00100
1.608973854e+01  0.00000  1.00000  1.00000  0.00000  0.96275  1.00000  0.00103
1.617018723e+01  0.00000  1.00000  1.00000  0.00000  0.99039  1.00000  0.00107
1.625103817e+01  0.00000  0.99997  1.00000  0.00000  0.91114  1.00000  0.00112
1.633229336e+01  0.00000  0.99999  1.00000  0.00000  0.96571  1.00000  0.00116
1.641395483e+01  0.00000  0.99999  1.00000  0.00000  0.97299  1.00000  0.00121
1.649602460e+01  0.00000  0.99999  1.00000  0.00000  0.94717  1.00000  0.00127
1.657850473e+01  0.00000  0.99998  1.00000  0.00000  0.99439  1.00000  0.00132
1.666139725e+01  0.00000  0.99997  1.00000  0.00000  0.89916  1.00000  0.00139
1.674470424e+01  0.00000  0.99994  1.00000  0.00000  0.96013  1.00000  0.00145
1.682842776e+01  0.00000  0.99960  1.00000  0.00000  0.95973  1.00000  0.00152
1.691256990e+01  0.00000  0.96856  1.00000  0.00000  0.93463  1.00000  0.00160
1.699713274e+01  0.00000  0.99272  1.00000  0.00000  0.99333  1.00000  0.00168
