# ------------------------------------------------------------------------
# NASA-GSFC Planetary Spectrum Generator (PSG, Villanueva et al. 2018)
# Atmospheric transmittance spectrum synthesized with PUMAS (Villanueva et al. 2018, Smith et al. 2009, Edwards 1992)
# Synthesized on Sat Jul 31 18:34:50 2021
# Molecular abundance profile: Neptune atmosphere - Lellouch+2010, Marten+2005, Moses+2005
# Molecules considered: H2,He,CH4,CO,HCN
# Molecular sources: HIT[45],HIT[0],HIT[6],HIT[5],HIT[23]
# Molecular abundances: 83,15,1,1,1
# Molecular abundance units: pct,pct,scl,ppm,scl
# Collissional partners (H2 type): Air:0%, H2:85%, He:15%, CO2:0%
# Collision-Induced-Absorption:  H2-H2  H2-He 
# Rayleigh scattering included
# ------------------------------------------------------------------------
# Spectral unit: Wavelength [um]
# Wave/freq Total H2 He CH4 CO HCN Rayleigh CIA
1.000000000e+00  0.33851  1.00000  1.00000  0.86501  1.00000  1.00000  0.40433  0.96808
1.002000000e+00  0.33217  1.00000  1.00000  0.87248  1.00000  1.00000  0.40725  0.93487
1.004004000e+00  0.33447  1.00000  1.00000  0.88022  1.00000  1.00000  0.41017  0.92642
1.006012008e+00  0.33245  1.00000  1.00000  0.87812  1.00000  1.00000  0.41309  0.91650
1.008024032e+00  0.33047  1.00000  1.00000  0.87829  1.00000  1.00000  0.41601  0.90450
1.010040080e+00  0.33124  1.00000  1.00000  0.88813  1.00000  1.00000  0.41893  0.89035
1.012060160e+00  0.32696  1.00000  1.00000  0.88578  1.00000  1.00000  0.42184  0.87502
1.014084281e+00  0.32210  1.00000  1.00000  0.88087  1.00000  1.00000  0.42475  0.86092
1.016112449e+00  0.32305  1.00000  1.00000  0.88942  1.00000  1.00000  0.42765  0.84935
1.018144674e+00  0.32558  1.00000  1.00000  0.90058  1.00000  1.00000  0.43055  0.83970
1.020180963e+00  0.32966  1.00000  1.00000  0.91592  1.00000  1.00000  0.43345  0.83040
1.022221325e+00  0.33068  1.00000  1.00000  0.92553  1.00000  1.00000  0.43634  0.81883
1.024265768e+00  0.33023  1.00000  1.00000  0.93588  1.00000  1.00000  0.43923  0.80343
1.026314299e+00  0.32896  1.00000  1.00000  0.94910  1.00000  1.00000  0.44212  0.78401
1.028366928e+00  0.32289  1.00000  1.00000  0.95406  1.00000  1.00000  0.44500  0.76060
1.030423662e+00  0.31611  1.00000  1.00000  0.96208  1.00000  1.00000  0.44788  0.73373
1.032484509e+00  0.30854  1.00000  1.00000  0.97238  1.00000  1.00000  0.45075  0.70405
1.034549478e+00  0.29915  1.00000  1.00000  0.97992  1.00000  1.00000  0.45362  0.67307
1.036618577e+00  0.28911  1.00000  1.00000  0.98506  1.00000  1.00000  0.45648  0.64302
1.038691814e+00  0.27907  1.00000  1.00000  0.98920  1.00000  1.00000  0.45934  0.61424
1.040769198e+00  0.26850  1.00000  1.00000  0.99248  1.00000  1.00000  0.46219  0.58538
1.042850736e+00  0.25648  1.00000  1.00000  0.99428  1.00000  1.00000  0.46504  0.55475
1.044936438e+00  0.24247  1.00000  1.00000  0.99625  1.00000  1.00000  0.46789  0.52026
1.047026311e+00  0.22557  1.00000  1.00000  0.99703  1.00000  1.00000  0.47072  0.48069
1.049120363e+00  0.20616  1.00000  1.00000  0.99760  1.00000  1.00000  0.47355  0.43647
1.051218604e+00  0.18498  1.00000  1.00000  0.99892  1.00000  1.00000  0.47638  0.38881
1.053321041e+00  0.16259  1.00000  1.00000  0.99967  1.00000  1.00000  0.47920  0.33948
1.055427683e+00  0.14051  1.00000  1.00000  1.00000  1.00000  1.00000  0.48202  0.29157
1.057538539e+00  0.12110  1.00000  1.00000  1.00000  1.00000  1.00000  0.48482  0.24983
1.059653616e+00  0.10535  1.00000  1.00000  1.00000  1.00000  1.00000  0.48763  0.21610
1.061772923e+00  0.09294  1.00000  1.00000  1.00000  1.00000  1.00000  0.49042  0.18955
1.063896469e+00  0.08282  1.00000  1.00000  1.00000  1.00000  1.00000  0.49321  0.16795
1.066024262e+00  0.07272  1.00000  1.00000  1.00000  1.00000  1.00000  0.49599  0.14665
1.068156310e+00  0.06146  1.00000  1.00000  1.00000  1.00000  1.00000  0.49877  0.12326
1.070292623e+00  0.04943  1.00000  1.00000  1.00000  1.00000  1.00000  0.50154  0.09859
1.072433208e+00  0.03761  1.00000  1.00000  1.00000  1.00000  1.00000  0.50430  0.07462
1.074578075e+00  0.02720  1.00000  1.00000  1.00000  1.00000  1.00000  0.50706  0.05366
1.076727231e+00  0.01892  1.00000  1.00000  1.00000  1.00000  1.00000  0.50981  0.03712
1.078880685e+00  0.01278  1.00000  1.00000  1.00000  1.00000  1.00000  0.51255  0.02496
1.081038447e+00  0.00849  1.00000  1.00000  1.00000  1.00000  1.00000  0.51528  0.01648
1.083200524e+00  0.00557  1.00000  1.00000  1.00000  1.00000  1.00000  0.51801  0.01075
1.085366925e+00  0.00356  1.00000  1.00000  1.00000  1.00000  1.00000  0.52073  0.00684
1.087537658e+00  0.00218  1.00000  1.00000  0.99924  1.00000  1.00000  0.52344  0.00416
1.089712734e+00  0.00124  1.00000  1.00000  0.99624  1.00000  1.00000  0.52614  0.00236
1.091892159e+00  0.00064  1.00000  1.00000  0.98517  1.00000  1.00000  0.52884  0.00122
1.094075944e+00  0.00029  1.00000  1.00000  0.96783  1.00000  1.00000  0.53153  0.00056
1.096264095e+00  0.00012  1.00000  1.00000  0.96149  1.00000  1.00000  0.53421  0.00023
1.098456624e+00  0.00004  1.00000  1.00000  0.95876  1.00000  1.00000  0.53688  0.00009
1.100653537e+00  0.00002  1.00000  1.00000  0.95981  1.00000  1.00000  0.53955  0.00003
1.102854844e+00  0.00001  1.00000  1.00000  0.97556  1.00000  1.00000  0.54220  0.00001
1.105060554e+00  0.00000  1.00000  1.00000  0.98574  1.00000  1.00000  0.54485  0.00000
1.107270675e+00  0.00000  1.00000  1.00000  0.94288  1.00000  1.00000  0.54749  0.00000
1.109485216e+00  0.00000  1.00000  1.00000  0.73711  1.00000  1.00000  0.55012  0.00000
1.111704187e+00  0.00000  1.00000  1.00000  0.58971  1.00000  1.00000  0.55275  0.00000
1.113927595e+00  0.00000  1.00000  1.00000  0.68256  1.00000  1.00000  0.55536  0.00000
1.116155450e+00  0.00000  1.00000  1.00000  0.70242  1.00000  1.00000  0.55797  0.00000
1.118387761e+00  0.00000  1.00000  1.00000  0.42851  1.00000  1.00000  0.56056  0.00000
1.120624537e+00  0.00000  1.00000  1.00000  0.13289  1.00000  1.00000  0.56315  0.00000
1.122865786e+00  0.00000  1.00000  1.00000  0.03275  1.00000  1.00000  0.56573  0.00000
1.125111517e+00  0.00000  1.00000  1.00000  0.02208  1.00000  1.00000  0.56830  0.00000
1.127361740e+00  0.00000  1.00000  1.00000  0.02093  1.00000  1.00000  0.57087  0.00000
1.129616464e+00  0.00000  1.00000  1.00000  0.09741  1.00000  1.00000  0.57342  0.00000
1.131875697e+00  0.00000  1.00000  1.00000  0.26754  1.00000  1.00000  0.57596  0.00000
1.134139448e+00  0.00000  1.00000  1.00000  0.36242  1.00000  1.00000  0.57850  0.00000
1.136407727e+00  0.00000  1.00000  1.00000  0.29103  1.00000  1.00000  0.58102  0.00000
1.138680542e+00  0.00000  0.99939  1.00000  0.26895  1.00000  1.00000  0.58354  0.00000
1.140957903e+00  0.00000  0.99944  1.00000  0.40099  1.00000  1.00000  0.58605  0.00000
1.143239819e+00  0.00000  0.99999  1.00000  0.47603  1.00000  1.00000  0.58855  0.00000
1.145526299e+00  0.00000  1.00000  1.00000  0.43313  1.00000  1.00000  0.59104  0.00000
1.147817351e+00  0.00000  1.00000  1.00000  0.35951  1.00000  1.00000  0.59351  0.00000
1.150112986e+00  0.00000  1.00000  1.00000  0.26701  1.00000  1.00000  0.59598  0.00000
1.152413212e+00  0.00000  1.00000  1.00000  0.15713  1.00000  1.00000  0.59844  0.00000
1.154718039e+00  0.00000  1.00000  1.00000  0.08228  1.00000  1.00000  0.60090  0.00000
1.157027475e+00  0.00000  1.00000  1.00000  0.05208  1.00000  1.00000  0.60334  0.00000
1.159341530e+00  0.00000  0.99986  1.00000  0.09757  1.00000  1.00000  0.60577  0.00000
1.161660213e+00  0.00000  0.99715  1.00000  0.14322  1.00000  1.00000  0.60819  0.00000
1.163983533e+00  0.00000  0.92446  1.00000  0.08302  1.00000  1.00000  0.61060  0.00000
1.166311500e+00  0.00000  0.93281  1.00000  0.03952  1.00000  1.00000  0.61300  0.00000
1.168644123e+00  0.00000  0.99945  1.00000  0.08007  1.00000  1.00000  0.61540  0.00000
1.170981411e+00  0.00000  1.00000  1.00000  0.11774  1.00000  1.00000  0.61778  0.00000
1.173323374e+00  0.00000  1.00000  1.00000  0.15468  1.00000  1.00000  0.62015  0.00000
1.175670021e+00  0.00000  1.00000  1.00000  0.19293  1.00000  1.00000  0.62252  0.00000
1.178021361e+00  0.00000  1.00000  1.00000  0.25008  1.00000  1.00000  0.62487  0.00000
1.180377404e+00  0.00000  1.00000  1.00000  0.30206  1.00000  1.00000  0.62721  0.00000
1.182738159e+00  0.00000  1.00000  1.00000  0.34481  1.00000  1.00000  0.62955  0.00000
1.185103635e+00  0.00000  1.00000  1.00000  0.41164  0.99997  1.00000  0.63187  0.00000
1.187473842e+00  0.00000  0.99821  1.00000  0.46068  0.99965  1.00000  0.63418  0.00000
1.189848790e+00  0.00000  0.88051  1.00000  0.42190  0.99960  1.00000  0.63649  0.00000
1.192228487e+00  0.00000  0.85885  1.00000  0.44634  0.99978  1.00000  0.63878  0.00000
1.194612944e+00  0.00000  0.96830  1.00000  0.57467  0.99987  1.00000  0.64106  0.00000
1.197002170e+00  0.00000  0.99912  1.00000  0.66594  0.99998  1.00000  0.64333  0.00000
1.199396175e+00  0.00000  1.00000  1.00000  0.72097  1.00000  1.00000  0.64560  0.00000
1.201794967e+00  0.00000  1.00000  1.00000  0.74604  1.00000  1.00000  0.64785  0.00000
1.204198557e+00  0.00000  1.00000  1.00000  0.76709  1.00000  1.00000  0.65009  0.00000
1.206606954e+00  0.00000  1.00000  1.00000  0.81782  1.00000  1.00000  0.65233  0.00000
1.209020168e+00  0.00000  1.00000  1.00000  0.87289  1.00000  1.00000  0.65455  0.00000
1.211438208e+00  0.00000  1.00000  1.00000  0.90859  1.00000  1.00000  0.65676  0.00000
1.213861085e+00  0.00000  1.00000  1.00000  0.91629  1.00000  1.00000  0.65896  0.00000
1.216288807e+00  0.00000  1.00000  1.00000  0.92654  0.99999  1.00000  0.66115  0.00000
1.218721384e+00  0.00000  1.00000  1.00000  0.94376  1.00000  1.00000  0.66333  0.00000
1.221158827e+00  0.00000  1.00000  1.00000  0.95475  1.00000  1.00000  0.66550  0.00000
1.223601145e+00  0.00000  1.00000  1.00000  0.96363  1.00000  1.00000  0.66767  0.00000
1.226048347e+00  0.00000  1.00000  1.00000  0.96324  1.00000  1.00000  0.66982  0.00000
1.228500444e+00  0.00000  1.00000  1.00000  0.96217  1.00000  1.00000  0.67196  0.00000
1.230957445e+00  0.00000  1.00000  1.00000  0.95450  1.00000  1.00000  0.67409  0.00000
1.233419360e+00  0.00000  1.00000  1.00000  0.95060  1.00000  1.00000  0.67621  0.00000
1.235886198e+00  0.00000  0.99982  1.00000  0.95434  1.00000  1.00000  0.67831  0.00000
1.238357971e+00  0.00000  0.98036  1.00000  0.96330  1.00000  1.00000  0.68041  0.00000
1.240834687e+00  0.00000  0.94419  1.00000  0.97453  1.00000  1.00000  0.68250  0.00000
1.243316356e+00  0.00000  0.96479  1.00000  0.98000  1.00000  1.00000  0.68458  0.00000
1.245802989e+00  0.00000  0.99952  1.00000  0.98208  1.00000  1.00000  0.68665  0.00000
1.248294595e+00  0.00002  1.00000  1.00000  0.98351  1.00000  1.00000  0.68871  0.00003
1.250791184e+00  0.00014  1.00000  1.00000  0.98746  1.00000  1.00000  0.69075  0.00020
1.253292766e+00  0.00073  1.00000  1.00000  0.99075  1.00000  1.00000  0.69279  0.00106
1.255799352e+00  0.00274  1.00000  1.00000  0.99284  1.00000  1.00000  0.69482  0.00397
1.258310951e+00  0.00818  1.00000  1.00000  0.99498  1.00000  1.00000  0.69684  0.01178
1.260827572e+00  0.01972  1.00000  1.00000  0.99460  1.00000  1.00000  0.69884  0.02837
1.263349228e+00  0.03677  1.00000  1.00000  0.94366  1.00000  1.00000  0.70084  0.05643
1.265875926e+00  0.05547  1.00000  1.00000  0.83890  1.00000  1.00000  0.70282  0.09553
1.268407678e+00  0.07752  1.00000  1.00000  0.78059  1.00000  1.00000  0.70480  0.14100
1.270944493e+00  0.10802  1.00000  1.00000  0.82161  1.00000  1.00000  0.70676  0.18490
1.273486382e+00  0.13661  1.00000  1.00000  0.87698  1.00000  1.00000  0.70872  0.21955
1.276033355e+00  0.15873  1.00000  1.00000  0.92754  1.00000  1.00000  0.71067  0.24051
1.278585422e+00  0.17093  1.00000  1.00000  0.97166  1.00000  1.00000  0.71260  0.24686
1.281142593e+00  0.16877  1.00000  1.00000  0.98220  1.00000  1.00000  0.71452  0.24050
1.283704878e+00  0.15956  1.00000  1.00000  0.98682  1.00000  1.00000  0.71644  0.22573
1.286272287e+00  0.14829  1.00000  1.00000  0.99077  1.00000  1.00000  0.71834  0.20838
1.288844832e+00  0.14127  1.00000  1.00000  0.99488  1.00000  1.00000  0.72024  0.19716
1.291422522e+00  0.14236  1.00000  1.00000  0.99659  1.00000  1.00000  0.72212  0.19782
1.294005367e+00  0.15299  0.99985  1.00000  0.99653  1.00000  1.00000  0.72399  0.21205
1.296593377e+00  0.17650  0.99986  1.00000  0.99575  1.00000  1.00000  0.72586  0.24424
1.299186564e+00  0.21431  1.00000  1.00000  0.99156  1.00000  1.00000  0.72771  0.29704
1.301784937e+00  0.25984  1.00000  1.00000  0.97539  1.00000  1.00000  0.72956  0.36561
1.304388507e+00  0.29102  1.00000  1.00000  0.90347  1.00000  1.00000  0.73139  0.44290
1.306997284e+00  0.30042  1.00000  1.00000  0.79022  1.00000  1.00000  0.73321  0.52124
1.309611279e+00  0.25615  1.00000  1.00000  0.59580  1.00000  1.00000  0.73503  0.59248
1.312230501e+00  0.17236  1.00000  1.00000  0.36261  1.00000  1.00000  0.73683  0.65291
1.314854962e+00  0.12514  1.00000  1.00000  0.24228  1.00000  1.00000  0.73862  0.70141
1.317484672e+00  0.11503  1.00000  1.00000  0.21064  1.00000  1.00000  0.74041  0.73823
1.320119642e+00  0.05706  1.00000  1.00000  0.10201  1.00000  1.00000  0.74218  0.76471
1.322759881e+00  0.00468  1.00000  1.00000  0.00806  1.00000  1.00000  0.74394  0.78254
1.325405401e+00  0.00159  1.00000  1.00000  0.00270  1.00000  1.00000  0.74570  0.79410
1.328056212e+00  0.00001  1.00000  1.00000  0.00002  1.00000  1.00000  0.74744  0.80209
1.330712324e+00  0.00000  1.00000  1.00000  0.00000  1.00000  1.00000  0.74917  0.80956
1.333373749e+00  0.00000  1.00000  1.00000  0.00000  1.00000  1.00000  0.75090  0.81893
1.336040496e+00  0.00003  0.99999  1.00000  0.00005  1.00000  1.00000  0.75261  0.83133
1.338712577e+00  0.00003  0.99991  1.00000  0.00005  1.00000  1.00000  0.75432  0.84666
1.341390002e+00  0.00001  0.99992  1.00000  0.00002  1.00000  1.00000  0.75601  0.86388
1.344072782e+00  0.00002  1.00000  1.00000  0.00003  1.00000  1.00000  0.75770  0.88121
1.346760928e+00  0.00003  1.00000  1.00000  0.00004  1.00000  1.00000  0.75937  0.89697
1.349454450e+00  0.00002  1.00000  1.00000  0.00003  1.00000  1.00000  0.76104  0.91033
1.352153359e+00  0.00000  1.00000  1.00000  0.00000  1.00000  1.00000  0.76270  0.92104
1.354857665e+00  0.00000  1.00000  1.00000  0.00000  1.00000  1.00000  0.76434  0.92941
1.357567381e+00  0.00000  1.00000  1.00000  0.00000  1.00000  1.00000  0.76598  0.93576
1.360282515e+00  0.00000  1.00000  1.00000  0.00000  1.00000  1.00000  0.76761  0.94036
1.363003080e+00  0.00000  1.00000  1.00000  0.00000  1.00000  1.00000  0.76922  0.94356
1.365729087e+00  0.00000  0.99950  1.00000  0.00000  1.00000  1.00000  0.77083  0.94562
1.368460545e+00  0.00000  0.99954  1.00000  0.00000  1.00000  1.00000  0.77243  0.94674
1.371197466e+00  0.00000  0.99969  1.00000  0.00000  1.00000  1.00000  0.77402  0.94708
1.373939861e+00  0.00000  0.99973  1.00000  0.00000  1.00000  1.00000  0.77560  0.94673
1.376687740e+00  0.00000  1.00000  1.00000  0.00000  1.00000  1.00000  0.77717  0.94583
1.379441116e+00  0.00000  0.99995  1.00000  0.00000  1.00000  1.00000  0.77873  0.94447
1.382199998e+00  0.00000  0.98682  1.00000  0.00000  1.00000  1.00000  0.78028  0.94271
1.384964398e+00  0.00000  0.98797  1.00000  0.00000  1.00000  1.00000  0.78183  0.94061
1.387734327e+00  0.00000  0.99994  1.00000  0.00000  1.00000  1.00000  0.78336  0.93823
1.390509796e+00  0.00000  0.99998  1.00000  0.00000  1.00000  1.00000  0.78488  0.93557
1.393290815e+00  0.00000  0.99981  1.00000  0.00000  1.00000  1.00000  0.78640  0.93266
1.396077397e+00  0.00000  0.96683  1.00000  0.00000  1.00000  1.00000  0.78790  0.92952
1.398869552e+00  0.00000  0.96954  1.00000  0.00000  1.00000  1.00000  0.78940  0.92614
1.401667291e+00  0.00000  0.99963  1.00000  0.00000  1.00000  1.00000  0.79089  0.92258
1.404470625e+00  0.00000  0.99997  1.00000  0.00000  1.00000  1.00000  0.79237  0.91884
1.407279567e+00  0.00000  1.00000  1.00000  0.00000  1.00000  1.00000  0.79383  0.91492
1.410094126e+00  0.00000  1.00000  1.00000  0.00000  1.00000  1.00000  0.79529  0.91081
1.412914314e+00  0.00000  0.99995  1.00000  0.00000  1.00000  1.00000  0.79675  0.90652
1.415740143e+00  0.00000  0.99996  1.00000  0.00000  1.00000  1.00000  0.79819  0.90203
1.418571623e+00  0.00000  1.00000  1.00000  0.00000  1.00000  1.00000  0.79962  0.89735
1.421408766e+00  0.00003  1.00000  1.00000  0.00004  1.00000  1.00000  0.80105  0.89249
1.424251584e+00  0.00004  1.00000  1.00000  0.00006  1.00000  1.00000  0.80246  0.88747
1.427100087e+00  0.00059  0.99999  1.00000  0.00084  1.00000  1.00000  0.80387  0.88225
1.429954287e+00  0.00168  0.99376  1.00000  0.00238  1.00000  1.00000  0.80527  0.87682
1.432814196e+00  0.00194  0.99428  1.00000  0.00276  1.00000  1.00000  0.80666  0.87120
1.435679824e+00  0.00444  0.99996  1.00000  0.00636  1.00000  1.00000  0.80804  0.86540
1.438551184e+00  0.00361  1.00000  1.00000  0.00518  1.00000  1.00000  0.80941  0.85942
1.441428286e+00  0.00254  1.00000  1.00000  0.00369  1.00000  1.00000  0.81077  0.85322
1.444311143e+00  0.00240  1.00000  1.00000  0.00348  1.00000  1.00000  0.81213  0.84684
1.447199765e+00  0.00051  1.00000  1.00000  0.00075  1.00000  1.00000  0.81347  0.84022
1.450094164e+00  0.00028  0.99988  1.00000  0.00041  1.00000  1.00000  0.81481  0.83341
1.452994353e+00  0.00170  0.99989  1.00000  0.00253  1.00000  1.00000  0.81614  0.82641
1.455900341e+00  0.00192  1.00000  1.00000  0.00286  1.00000  1.00000  0.81746  0.81919
1.458812142e+00  0.00118  1.00000  1.00000  0.00178  1.00000  1.00000  0.81878  0.81180
1.461729766e+00  0.00523  1.00000  1.00000  0.00795  1.00000  1.00000  0.82008  0.80419
1.464653226e+00  0.01585  1.00000  1.00000  0.02428  1.00000  1.00000  0.82138  0.79630
1.467582532e+00  0.02370  1.00000  1.00000  0.03657  1.00000  1.00000  0.82266  0.78820
1.470517697e+00  0.07122  1.00000  1.00000  0.11114  1.00000  1.00000  0.82394  0.77993
1.473458733e+00  0.05698  1.00000  1.00000  0.08911  1.00000  1.00000  0.82521  0.77145
1.476405650e+00  0.00305  1.00000  1.00000  0.00481  1.00000  1.00000  0.82648  0.76268
1.479358462e+00  0.00956  1.00000  1.00000  0.01540  1.00000  1.00000  0.82773  0.75367
1.482317178e+00  0.03134  1.00000  1.00000  0.05090  1.00000  1.00000  0.82898  0.74449
1.485281813e+00  0.07332  1.00000  1.00000  0.12042  1.00000  1.00000  0.83022  0.73506
1.488252376e+00  0.14472  1.00000  1.00000  0.24041  1.00000  1.00000  0.83145  0.72534
1.491228881e+00  0.23492  1.00000  1.00000  0.39488  1.00000  1.00000  0.83267  0.71541
1.494211339e+00  0.27635  1.00000  1.00000  0.46988  1.00000  1.00000  0.83388  0.70526
1.497199762e+00  0.26500  1.00000  1.00000  0.45661  1.00000  1.00000  0.83509  0.69487
1.500194161e+00  0.27973  1.00000  1.00000  0.48911  1.00000  1.00000  0.83629  0.68427
1.503194550e+00  0.26583  1.00000  1.00000  0.47092  1.00000  1.00000  0.83748  0.67345
1.506200939e+00  0.20355  1.00000  1.00000  0.36602  1.00000  1.00000  0.83866  0.66238
1.509213340e+00  0.21306  1.00000  1.00000  0.39021  1.00000  1.00000  0.83984  0.65108
1.512231767e+00  0.27819  1.00000  1.00000  0.51774  1.00000  1.00000  0.84101  0.63950
1.515256231e+00  0.27771  1.00000  1.00000  0.52496  1.00000  1.00000  0.84217  0.62767
1.518286743e+00  0.32375  1.00000  1.00000  0.62480  1.00000  1.00000  0.84332  0.61567
1.521323317e+00  0.37316  1.00000  1.00000  0.73201  1.00000  1.00000  0.84446  0.60349
1.524365963e+00  0.35372  1.00000  1.00000  0.70771  1.00000  1.00000  0.84560  0.59106
1.527414695e+00  0.36135  1.00000  1.00000  0.73817  1.00000  1.00000  0.84673  0.57838
1.530469525e+00  0.35160  1.00000  1.00000  0.73299  1.00000  0.99999  0.84785  0.56548
1.533530464e+00  0.35094  1.00000  1.00000  0.74877  1.00000  0.99999  0.84897  0.55244
1.536597525e+00  0.35962  1.00000  1.00000  0.78440  1.00000  0.99999  0.85007  0.53926
1.539670720e+00  0.35064  1.00000  1.00000  0.78343  1.00000  0.99999  0.85117  0.52587
1.542750061e+00  0.34380  1.00000  1.00000  0.78733  1.00000  0.99999  0.85227  0.51235
1.545835561e+00  0.31532  1.00000  1.00000  0.74041  1.00000  1.00000  0.85335  0.49868
1.548927232e+00  0.29858  1.00000  1.00000  0.72121  1.00000  1.00000  0.85443  0.48473
1.552025087e+00  0.31534  1.00000  1.00000  0.78381  1.00000  1.00000  0.85550  0.47062
1.555129137e+00  0.31975  1.00000  1.00000  0.81766  1.00000  1.00000  0.85656  0.45650
1.558239395e+00  0.28748  1.00000  1.00000  0.75719  1.00000  1.00000  0.85762  0.44221
1.561355874e+00  0.28093  1.00000  1.00000  0.76584  1.00000  1.00000  0.85867  0.42773
1.564478586e+00  0.27232  1.00000  1.00000  0.76572  0.99993  1.00000  0.85971  0.41322
1.567607543e+00  0.24968  1.00000  1.00000  0.72892  0.99519  1.00000  0.86075  0.39865
1.570742758e+00  0.24821  1.00000  1.00000  0.76665  0.95774  1.00000  0.86177  0.38408
1.573884244e+00  0.25194  1.00000  1.00000  0.84347  0.91212  1.00000  0.86280  0.36950
1.577032012e+00  0.26711  1.00000  1.00000  0.92494  0.92975  1.00000  0.86381  0.35477
1.580186076e+00  0.26847  1.00000  1.00000  0.95561  0.94796  1.00000  0.86482  0.34002
1.583346448e+00  0.25624  1.00000  1.00000  0.94336  0.95878  1.00000  0.86582  0.32537
1.586513141e+00  0.25030  1.00000  1.00000  0.93878  0.98793  1.00000  0.86681  0.31072
1.589686167e+00  0.24269  1.00000  1.00000  0.94530  0.99858  1.00000  0.86780  0.29618
1.592865540e+00  0.23439  1.00000  1.00000  0.95794  0.99975  1.00000  0.86878  0.28179
1.596051271e+00  0.22677  1.00000  1.00000  0.97525  0.99994  1.00000  0.86975  0.26741
1.599243373e+00  0.21541  1.00000  1.00000  0.97717  0.99997  1.00000  0.87072  0.25316
1.602441860e+00  0.20270  1.00000  1.00000  0.97211  0.99990  1.00000  0.87168  0.23923
1.605646744e+00  0.19064  1.00000  1.00000  0.96948  0.99935  1.00000  0.87263  0.22546
1.608858037e+00  0.18064  1.00000  1.00000  0.97764  0.99855  1.00000  0.87358  0.21186
1.612075753e+00  0.17110  1.00000  1.00000  0.98667  0.99868  1.00000  0.87452  0.19855
1.615299905e+00  0.16007  1.00000  1.00000  0.98615  0.99905  1.00000  0.87545  0.18556
1.618530505e+00  0.14148  1.00000  1.00000  0.93273  0.99929  1.00000  0.87638  0.17286
1.621767566e+00  0.11289  1.00000  1.00000  0.79865  0.99974  1.00000  0.87730  0.16054
1.625011101e+00  0.07380  1.00000  1.00000  0.55951  0.99995  1.00000  0.87822  0.14861
1.628261123e+00  0.03477  1.00000  1.00000  0.28359  0.99999  1.00000  0.87912  0.13701
1.631517645e+00  0.01009  1.00000  1.00000  0.08791  1.00000  1.00000  0.88003  0.12582
1.634780681e+00  0.00088  1.00000  1.00000  0.00832  1.00000  1.00000  0.88092  0.11505
1.638050242e+00  0.00000  1.00000  1.00000  0.00002  1.00000  1.00000  0.88181  0.10470
1.641326342e+00  0.00000  1.00000  1.00000  0.00000  1.00000  1.00000  0.88269  0.09486
1.644608995e+00  0.00000  1.00000  1.00000  0.00000  1.00000  1.00000  0.88357  0.08552
1.647898213e+00  0.00000  1.00000  1.00000  0.00000  1.00000  1.00000  0.88444  0.07667
1.651194009e+00  0.00000  1.00000  1.00000  0.00000  1.00000  1.00000  0.88531  0.06831
1.654496398e+00  0.00000  1.00000  1.00000  0.00000  1.00000  1.00000  0.88617  0.06046
1.657805390e+00  0.00000  1.00000  1.00000  0.00000  1.00000  1.00000  0.88702  0.05318
1.661121001e+00  0.00000  1.00000  1.00000  0.00000  1.00000  1.00000  0.88787  0.04647
1.664443243e+00  0.00000  1.00000  1.00000  0.00000  1.00000  1.00000  0.88871  0.04029
1.667772130e+00  0.00000  1.00000  1.00000  0.00000  1.00000  1.00000  0.88954  0.03465
1.671107674e+00  0.00000  1.00000  1.00000  0.00000  1.00000  1.00000  0.89037  0.02957
1.674449889e+00  0.00000  1.00000  1.00000  0.00000  1.00000  1.00000  0.89120  0.02503
1.677798789e+00  0.00000  1.00000  1.00000  0.00000  1.00000  1.00000  0.89201  0.02104
1.681154387e+00  0.00000  1.00000  1.00000  0.00000  1.00000  1.00000  0.89282  0.01756
1.684516695e+00  0.00000  1.00000  1.00000  0.00002  1.00000  1.00000  0.89363  0.01451
1.687885729e+00  0.00000  1.00000  1.00000  0.00018  1.00000  1.00000  0.89443  0.01189
1.691261500e+00  0.00000  1.00000  1.00000  0.00015  1.00000  1.00000  0.89523  0.00964
1.694644023e+00  0.00000  1.00000  1.00000  0.00000  1.00000  1.00000  0.89601  0.00770
1.698033311e+00  0.00000  1.00000  1.00000  0.00000  1.00000  1.00000  0.89680  0.00605
1.701429378e+00  0.00000  1.00000  1.00000  0.00000  1.00000  1.00000  0.89758  0.00468
1.704832237e+00  0.00000  1.00000  1.00000  0.00000  1.00000  1.00000  0.89835  0.00355
1.708241901e+00  0.00000  1.00000  1.00000  0.00000  1.00000  1.00000  0.89912  0.00265
1.711658385e+00 -0.00000  1.00000  1.00000 -0.00000  1.00000  1.00000  0.89988  0.00193
1.715081702e+00  0.00000  1.00000  1.00000  0.00000  1.00000  1.00000  0.90063  0.00138
1.718511865e+00  0.00000  1.00000  1.00000  0.00000  1.00000  1.00000  0.90138  0.00096
1.721948889e+00  0.00000  1.00000  1.00000  0.00000  1.00000  1.00000  0.90213  0.00065
1.725392787e+00  0.00000  1.00000  1.00000  0.00000  1.00000  1.00000  0.90287  0.00043
1.728843572e+00  0.00000  1.00000  1.00000  0.00000  1.00000  1.00000  0.90360  0.00028
1.732301259e+00  0.00000  1.00000  1.00000  0.00000  1.00000  1.00000  0.90433  0.00018
1.735765862e+00  0.00000  1.00000  1.00000  0.00000  1.00000  1.00000  0.90506  0.00012
1.739237394e+00  0.00000  1.00000  1.00000  0.00003  1.00000  1.00000  0.90578  0.00007
1.742715868e+00  0.00000  1.00000  1.00000  0.00019  1.00000  1.00000  0.90649  0.00005
1.746201300e+00  0.00000  1.00000  1.00000  0.00048  1.00000  1.00000  0.90720  0.00003
1.749693703e+00  0.00000  1.00000  1.00000  0.00040  1.00000  1.00000  0.90790  0.00002
1.753193090e+00  0.00000  1.00000  1.00000  0.00011  1.00000  1.00000  0.90860  0.00001
1.756699476e+00  0.00000  1.00000  1.00000  0.00001  1.00000  1.00000  0.90929  0.00001
1.760212875e+00  0.00000  1.00000  1.00000  0.00000  1.00000  1.00000  0.90998  0.00000
1.763733301e+00  0.00000  1.00000  1.00000  0.00000  1.00000  1.00000  0.91067  0.00000
1.767260768e+00  0.00000  1.00000  1.00000  0.00000  1.00000  1.00000  0.91134  0.00000
1.770795289e+00  0.00000  1.00000  1.00000  0.00000  1.00000  1.00000  0.91202  0.00000
1.774336880e+00  0.00000  1.00000  1.00000  0.00000  1.00000  1.00000  0.91269  0.00000
1.777885553e+00  0.00000  1.00000  1.00000  0.00000  1.00000  1.00000  0.91335  0.00000
1.781441325e+00  0.00000  1.00000  1.00000  0.00000  1.00000  1.00000  0.91401  0.00000
1.785004207e+00  0.00000  1.00000  1.00000  0.00000  1.00000  1.00000  0.91466  0.00000
1.788574216e+00  0.00000  1.00000  1.00000  0.00000  1.00000  1.00000  0.91531  0.00000
1.792151364e+00  0.00000  1.00000  1.00000  0.00000  1.00000  1.00000  0.91596  0.00000
1.795735667e+00  0.00000  1.00000  1.00000  0.00000  1.00000  1.00000  0.91660  0.00000
1.799327138e+00  0.00000  1.00000  1.00000  0.00000  1.00000  1.00000  0.91723  0.00000
1.802925792e+00  0.00000  1.00000  1.00000  0.00000  1.00000  1.00000  0.91787  0.00000
1.806531644e+00  0.00000  1.00000  1.00000  0.00000  1.00000  1.00000  0.91849  0.00000
1.810144707e+00  0.00000  1.00000  1.00000  0.00012  1.00000  1.00000  0.91911  0.00000
1.813764997e+00  0.00000  1.00000  1.00000  0.00037  1.00000  1.00000  0.91973  0.00000
1.817392527e+00  0.00000  1.00000  1.00000  0.03601  1.00000  1.00000  0.92034  0.00000
1.821027312e+00  0.00000  1.00000  1.00000  0.06075  1.00000  1.00000  0.92095  0.00000
1.824669366e+00  0.00000  1.00000  1.00000  0.09688  1.00000  1.00000  0.92156  0.00000
1.828318705e+00  0.00000  1.00000  1.00000  0.08582  1.00000  1.00000  0.92216  0.00000
1.831975342e+00  0.00000  1.00000  1.00000  0.02418  1.00000  1.00000  0.92275  0.00000
1.835639293e+00  0.00000  1.00000  1.00000  0.00524  1.00000  1.00000  0.92334  0.00000
1.839310572e+00  0.00000  1.00000  1.00000  0.00052  1.00000  1.00000  0.92393  0.00000
1.842989193e+00  0.00000  1.00000  1.00000  0.00001  1.00000  1.00000  0.92451  0.00000
1.846675171e+00  0.00000  1.00000  1.00000  0.00000  1.00000  1.00000  0.92509  0.00000
1.850368522e+00  0.00000  1.00000  1.00000  0.00000  1.00000  1.00000  0.92566  0.00000
1.854069259e+00  0.00000  1.00000  1.00000  0.00000  1.00000  1.00000  0.92623  0.00000
1.857777397e+00  0.00000  1.00000  1.00000  0.00008  1.00000  1.00000  0.92680  0.00000
1.861492952e+00  0.00000  1.00000  1.00000  0.00071  1.00000  1.00000  0.92736  0.00000
1.865215938e+00  0.00000  1.00000  1.00000  0.02137  1.00000  1.00000  0.92791  0.00000
1.868946370e+00  0.00000  1.00000  1.00000  0.08659  1.00000  1.00000  0.92847  0.00000
1.872684262e+00  0.00000  1.00000  1.00000  0.18756  1.00000  1.00000  0.92902  0.00000
1.876429631e+00  0.00000  1.00000  1.00000  0.35196  1.00000  1.00000  0.92956  0.00000
1.880182490e+00  0.00000  1.00000  1.00000  0.54273  1.00000  1.00000  0.93010  0.00000
1.883942855e+00  0.00000  1.00000  1.00000  0.63791  1.00000  1.00000  0.93064  0.00000
1.887710741e+00  0.00000  1.00000  1.00000  0.70557  1.00000  1.00000  0.93117  0.00000
1.891486162e+00  0.00000  1.00000  1.00000  0.75837  1.00000  1.00000  0.93170  0.00000
1.895269135e+00  0.00000  1.00000  1.00000  0.69322  1.00000  1.00000  0.93222  0.00000
1.899059673e+00  0.00000  1.00000  1.00000  0.51265  1.00000  1.00000  0.93274  0.00000
1.902857792e+00  0.00000  1.00000  1.00000  0.41381  1.00000  1.00000  0.93326  0.00000
1.906663508e+00  0.00000  1.00000  1.00000  0.36321  1.00000  1.00000  0.93377  0.00000
1.910476835e+00  0.00000  1.00000  1.00000  0.20838  1.00000  1.00000  0.93428  0.00000
1.914297789e+00  0.00000  1.00000  1.00000  0.07433  1.00000  1.00000  0.93479  0.00000
1.918126384e+00  0.00000  1.00000  1.00000  0.03444  1.00000  1.00000  0.93529  0.00000
1.921962637e+00  0.00000  1.00000  1.00000  0.06011  1.00000  1.00000  0.93579  0.00000
1.925806562e+00  0.00000  1.00000  1.00000  0.04366  1.00000  1.00000  0.93628  0.00000
1.929658175e+00  0.00000  1.00000  1.00000  0.01336  1.00000  1.00000  0.93678  0.00000
1.933517492e+00  0.00000  1.00000  1.00000  0.02527  1.00000  1.00000  0.93726  0.00000
1.937384527e+00  0.00000  1.00000  1.00000  0.05941  1.00000  1.00000  0.93775  0.00000
1.941259296e+00  0.00000  1.00000  1.00000  0.09656  1.00000  1.00000  0.93823  0.00000
1.945141814e+00  0.00000  1.00000  1.00000  0.08476  1.00000  1.00000  0.93870  0.00000
1.949032098e+00  0.00000  1.00000  1.00000  0.04571  1.00000  1.00000  0.93917  0.00000
1.952930162e+00  0.00000  1.00000  1.00000  0.21648  1.00000  1.00000  0.93964  0.00000
1.956836022e+00  0.00000  1.00000  1.00000  0.23986  1.00000  1.00000  0.94011  0.00000
1.960749695e+00  0.00000  0.99997  1.00000  0.29072  1.00000  1.00000  0.94057  0.00000
1.964671194e+00  0.00000  0.99998  1.00000  0.36216  1.00000  1.00000  0.94103  0.00000
1.968600536e+00  0.00000  1.00000  1.00000  0.33430  1.00000  1.00000  0.94149  0.00000
1.972537737e+00  0.00000  1.00000  1.00000  0.46349  1.00000  1.00000  0.94194  0.00000
1.976482813e+00  0.00000  1.00000  1.00000  0.56035  1.00000  1.00000  0.94239  0.00000
1.980435778e+00  0.00000  1.00000  1.00000  0.73186  1.00000  1.00000  0.94283  0.00000
1.984396650e+00  0.00000  1.00000  1.00000  0.76478  1.00000  1.00000  0.94327  0.00000
1.988365443e+00  0.00000  1.00000  1.00000  0.83497  1.00000  1.00000  0.94371  0.00000
1.992342174e+00  0.00000  1.00000  1.00000  0.89512  1.00000  1.00000  0.94415  0.00000
1.996326859e+00  0.00000  1.00000  1.00000  0.91108  1.00000  1.00000  0.94458  0.00000
2.000319512e+00  0.00000  1.00000  1.00000  0.96355  1.00000  1.00000  0.94501  0.00000
2.004320151e+00  0.00000  1.00000  1.00000  0.96755  1.00000  1.00000  0.94543  0.00000
2.008328792e+00  0.00000  1.00000  1.00000  0.99529  1.00000  1.00000  0.94586  0.00000
2.012345449e+00  0.00000  1.00000  1.00000  0.99504  1.00000  1.00000  0.94628  0.00000
2.016370140e+00  0.00000  1.00000  1.00000  0.99814  1.00000  1.00000  0.94669  0.00000
2.020402880e+00  0.00000  1.00000  1.00000  0.99834  1.00000  1.00000  0.94710  0.00000
2.024443686e+00  0.00000  1.00000  1.00000  0.99889  1.00000  1.00000  0.94751  0.00000
2.028492574e+00  0.00000  0.99999  1.00000  0.99972  1.00000  1.00000  0.94792  0.00000
2.032549559e+00  0.00000  0.99996  1.00000  0.99981  1.00000  1.00000  0.94833  0.00000
2.036614658e+00  0.00000  0.99476  1.00000  0.99988  1.00000  1.00000  0.94873  0.00000
2.040687887e+00  0.00000  0.99524  1.00000  0.99994  1.00000  1.00000  0.94912  0.00000
2.044769263e+00  0.00000  0.99998  1.00000  0.99997  1.00000  1.00000  0.94952  0.00000
2.048858801e+00  0.00000  1.00000  1.00000  0.99998  1.00000  1.00000  0.94991  0.00000
2.052956519e+00  0.00000  1.00000  1.00000  0.99998  1.00000  1.00000  0.95030  0.00000
2.057062432e+00  0.00000  1.00000  1.00000  0.99999  1.00000  1.00000  0.95068  0.00000
2.061176557e+00  0.00000  1.00000  1.00000  1.00000  1.00000  1.00000  0.95107  0.00000
2.065298910e+00  0.00000  1.00000  1.00000  1.00000  1.00000  1.00000  0.95145  0.00000
2.069429508e+00  0.00000  1.00000  1.00000  1.00000  1.00000  1.00000  0.95182  0.00000
2.073568367e+00  0.00000  1.00000  1.00000  1.00000  1.00000  1.00000  0.95220  0.00000
2.077715504e+00  0.00000  1.00000  1.00000  1.00000  1.00000  1.00000  0.95257  0.00000
2.081870935e+00  0.00000  1.00000  1.00000  1.00000  1.00000  1.00000  0.95294  0.00000
2.086034676e+00  0.00000  1.00000  1.00000  0.99999  1.00000  1.00000  0.95330  0.00000
2.090206746e+00  0.00000  1.00000  1.00000  0.99999  1.00000  1.00000  0.95367  0.00000
2.094387159e+00  0.00000  1.00000  1.00000  0.99999  1.00000  1.00000  0.95403  0.00000
2.098575934e+00  0.00000  1.00000  1.00000  0.99998  1.00000  1.00000  0.95438  0.00000
2.102773085e+00  0.00000  1.00000  1.00000  0.99996  1.00000  1.00000  0.95474  0.00000
2.106978632e+00  0.00000  1.00000  1.00000  0.99989  1.00000  1.00000  0.95509  0.00000
2.111192589e+00  0.00000  0.99965  1.00000  0.99987  1.00000  1.00000  0.95544  0.00000
2.115414974e+00  0.00000  0.99497  1.00000  0.99967  1.00000  1.00000  0.95579  0.00000
2.119645804e+00  0.00000  0.97401  1.00000  0.99936  1.00000  1.00000  0.95613  0.00000
2.123885096e+00  0.00000  0.70195  1.00000  0.99848  1.00000  1.00000  0.95647  0.00000
2.128132866e+00  0.00000  0.71963  1.00000  0.99415  1.00000  1.00000  0.95681  0.00000
2.132389132e+00  0.00000  0.97047  1.00000  0.98891  1.00000  1.00000  0.95715  0.00000
2.136653910e+00  0.00000  0.99418  1.00000  0.97249  1.00000  1.00000  0.95748  0.00000
2.140927218e+00  0.00000  0.99898  1.00000  0.96506  1.00000  1.00000  0.95781  0.00000
2.145209072e+00  0.00000  1.00000  1.00000  0.87127  1.00000  1.00000  0.95814  0.00000
2.149499490e+00  0.00000  1.00000  1.00000  0.71814  1.00000  1.00000  0.95847  0.00000
2.153798489e+00  0.00000  1.00000  1.00000  0.61097  1.00000  1.00000  0.95879  0.00000
2.158106086e+00  0.00000  1.00000  1.00000  0.35180  1.00000  1.00000  0.95911  0.00000
2.162422298e+00  0.00000  1.00000  1.00000  0.13305  1.00000  1.00000  0.95943  0.00000
2.166747143e+00  0.00000  1.00000  1.00000  0.05679  1.00000  1.00000  0.95975  0.00000
2.171080637e+00  0.00000  1.00000  1.00000  0.00346  1.00000  1.00000  0.96006  0.00000
2.175422799e+00  0.00000  1.00000  1.00000  0.00000  1.00000  1.00000  0.96037  0.00000
2.179773644e+00  0.00000  1.00000  1.00000  0.00000  1.00000  1.00000  0.96068  0.00000
2.184133191e+00  0.00000  1.00000  1.00000  0.00000  1.00000  1.00000  0.96099  0.00000
2.188501458e+00  0.00000  1.00000  1.00000  0.00000  1.00000  1.00000  0.96129  0.00000
2.192878461e+00  0.00000  1.00000  1.00000  0.00000  1.00000  1.00000  0.96160  0.00000
2.197264218e+00  0.00000  1.00000  1.00000  0.00000  1.00000  1.00000  0.96190  0.00000
2.201658746e+00  0.00000  1.00000  1.00000  0.00000  1.00000  1.00000  0.96219  0.00000
2.206062064e+00  0.00000  1.00000  1.00000  0.00000  1.00000  1.00000  0.96249  0.00000
2.210474188e+00  0.00000  1.00000  1.00000  0.00000  1.00000  1.00000  0.96278  0.00000
2.214895136e+00  0.00000  0.98501  1.00000  0.00000  1.00000  1.00000  0.96307  0.00000
2.219324926e+00  0.00000  0.93721  1.00000  0.00000  1.00000  1.00000  0.96336  0.00000
2.223763576e+00  0.00000  0.61962  1.00000  0.00000  1.00000  1.00000  0.96365  0.00000
2.228211103e+00  0.00000  0.43045  1.00000  0.00000  1.00000  1.00000  0.96393  0.00000
2.232667526e+00  0.00000  0.72063  1.00000  0.00000  1.00000  1.00000  0.96421  0.00000
2.237132861e+00  0.00000  0.95226  1.00000  0.00000  1.00000  1.00000  0.96449  0.00000
2.241607126e+00  0.00000  0.98893  1.00000  0.00006  1.00000  1.00000  0.96477  0.00000
2.246090341e+00  0.00000  1.00000  1.00000  0.00013  1.00000  1.00000  0.96505  0.00000
2.250582521e+00  0.00000  1.00000  1.00000  0.00007  1.00000  1.00000  0.96532  0.00000
2.255083686e+00  0.00000  1.00000  1.00000  0.00000  1.00000  1.00000  0.96559  0.00000
2.259593854e+00  0.00000  1.00000  1.00000  0.00000  1.00000  1.00000  0.96586  0.00000
2.264113041e+00  0.00000  1.00000  1.00000  0.00000  1.00000  1.00000  0.96613  0.00000
2.268641267e+00  0.00000  1.00000  1.00000  0.00000  1.00000  1.00000  0.96639  0.00000
2.273178550e+00  0.00000  1.00000  1.00000  0.00000  1.00000  1.00000  0.96665  0.00000
2.277724907e+00  0.00000  1.00000  1.00000  0.00000  1.00000  1.00000  0.96692  0.00000
2.282280357e+00  0.00000  1.00000  1.00000  0.00000  1.00000  1.00000  0.96717  0.00000
2.286844918e+00  0.00000  1.00000  1.00000  0.00000  1.00000  1.00000  0.96743  0.00000
2.291418607e+00  0.00000  1.00000  1.00000  0.00000  1.00000  1.00000  0.96769  0.00000
2.296001445e+00  0.00000  1.00000  1.00000  0.00000  1.00000  1.00000  0.96794  0.00000
2.300593448e+00  0.00000  1.00000  1.00000  0.00000  1.00000  1.00000  0.96819  0.00000
2.305194634e+00  0.00000  1.00000  1.00000  0.00000  1.00000  1.00000  0.96844  0.00000
2.309805024e+00  0.00000  1.00000  1.00000  0.00000  1.00000  1.00000  0.96869  0.00000
2.314424634e+00  0.00000  1.00000  1.00000  0.00000  0.99994  1.00000  0.96893  0.00000
2.319053483e+00  0.00000  1.00000  1.00000  0.00000  0.99886  1.00000  0.96918  0.00000
2.323691590e+00  0.00000  1.00000  1.00000  0.00000  0.98213  1.00000  0.96942  0.00000
2.328338973e+00  0.00000  1.00000  1.00000  0.00000  0.87075  1.00000  0.96966  0.00000
2.332995651e+00  0.00000  1.00000  1.00000  0.00000  0.56595  1.00000  0.96989  0.00000
2.337661642e+00  0.00000  1.00000  1.00000  0.00000  0.23150  1.00000  0.97013  0.00000
2.342336966e+00  0.00000  1.00000  1.00000  0.00000  0.07128  1.00000  0.97036  0.00000
2.347021640e+00  0.00000  1.00000  1.00000  0.00000  0.11143  1.00000  0.97060  0.00000
2.351715683e+00  0.00000  1.00000  1.00000  0.00000  0.26642  1.00000  0.97083  0.00000
2.356419114e+00  0.00000  1.00000  1.00000  0.00000  0.22870  1.00000  0.97106  0.00000
2.361131953e+00  0.00000  1.00000  1.00000  0.00000  0.17202  1.00000  0.97128  0.00000
2.365854216e+00  0.00000  1.00000  1.00000  0.00000  0.35189  1.00000  0.97151  0.00000
2.370585925e+00  0.00000  1.00000  1.00000  0.00000  0.61864  1.00000  0.97173  0.00000
2.375327097e+00  0.00000  1.00000  1.00000  0.00000  0.82026  1.00000  0.97195  0.00000
2.380077751e+00  0.00000  0.99999  1.00000  0.00000  0.92451  1.00000  0.97217  0.00000
2.384837906e+00  0.00000  0.99999  1.00000  0.00000  0.95232  1.00000  0.97239  0.00000
2.389607582e+00  0.00000  1.00000  1.00000  0.00000  0.91935  1.00000  0.97261  0.00000
2.394386797e+00  0.00000  0.99889  1.00000  0.00000  0.84374  1.00000  0.97282  0.00000
2.399175571e+00  0.00000  0.99498  1.00000  0.00000  0.82382  1.00000  0.97304  0.00000
2.403973922e+00  0.00000  0.97849  1.00000  0.00000  0.89412  1.00000  0.97325  0.00000
2.408781870e+00  0.00000  0.71952  1.00000  0.00000  0.89636  1.00000  0.97346  0.00000
2.413599434e+00  0.00000  0.72800  1.00000  0.00000  0.87648  1.00000  0.97367  0.00000
2.418426633e+00  0.00000  0.96527  1.00000  0.00000  0.92125  1.00000  0.97387  0.00000
2.423263486e+00  0.00000  0.99292  1.00000  0.00000  0.96825  1.00000  0.97408  0.00000
2.428110013e+00  0.00000  0.99876  1.00000  0.00000  0.99110  1.00000  0.97428  0.00000
2.432966233e+00  0.00000  0.99998  1.00000  0.00000  0.99813  1.00000  0.97449  0.00000
2.437832165e+00  0.00000  1.00000  1.00000  0.00000  0.99953  1.00000  0.97469  0.00000
2.442707830e+00  0.00000  1.00000  1.00000  0.00000  0.99983  1.00000  0.97489  0.00000
2.447593245e+00  0.00000  1.00000  1.00000  0.00000  0.99981  1.00000  0.97508  0.00000
2.452488432e+00  0.00000  1.00000  1.00000  0.00000  0.99969  1.00000  0.97528  0.00000
2.457393409e+00  0.00000  1.00000  1.00000  0.00025  0.99948  1.00000  0.97547  0.00000
2.462308195e+00  0.00000  1.00000  1.00000  0.00214  0.99963  1.00000  0.97567  0.00000
2.467232812e+00  0.00000  0.99997  1.00000  0.00199  0.99981  1.00000  0.97586  0.00000
2.472167277e+00  0.00000  0.99884  1.00000  0.00063  0.99967  1.00000  0.97605  0.00000
2.477111612e+00  0.00000  0.99896  1.00000  0.00308  0.99972  1.00000  0.97624  0.00000
2.482065835e+00  0.00000  1.00000  1.00000  0.00386  0.99990  1.00000  0.97642  0.00000
2.487029967e+00  0.00000  1.00000  1.00000  0.00129  0.99997  0.99999  0.97661  0.00000
2.492004027e+00  0.00000  1.00000  1.00000  0.00007  0.99999  0.99999  0.97679  0.00000
2.496988035e+00  0.00000  1.00000  1.00000  0.00398  1.00000  0.99999  0.97697  0.00000
2.501982011e+00  0.00000  1.00000  1.00000  0.00359  1.00000  0.99998  0.97716  0.00000
2.506985975e+00  0.00000  1.00000  1.00000  0.00062  1.00000  0.99998  0.97734  0.00000
2.511999947e+00  0.00000  1.00000  1.00000  0.00086  1.00000  1.00000  0.97751  0.00000
2.517023947e+00  0.00000  1.00000  1.00000  0.00027  1.00000  1.00000  0.97769  0.00000
2.522057995e+00  0.00000  1.00000  1.00000  0.00000  1.00000  1.00000  0.97787  0.00000
2.527102111e+00  0.00000  1.00000  1.00000  0.00000  1.00000  1.00000  0.97804  0.00000
2.532156315e+00  0.00000  1.00000  1.00000  0.00000  1.00000  1.00000  0.97821  0.00000
2.537220628e+00  0.00000  0.99999  1.00000  0.00000  1.00000  1.00000  0.97838  0.00000
2.542295069e+00  0.00000  0.99999  1.00000  0.00000  1.00000  1.00000  0.97856  0.00000
2.547379659e+00  0.00000  1.00000  1.00000  0.00000  1.00000  1.00000  0.97872  0.00000
2.552474418e+00  0.00000  1.00000  1.00000  0.00000  1.00000  1.00000  0.97889  0.00000
2.557579367e+00  0.00000  1.00000  1.00000  0.00000  1.00000  1.00000  0.97906  0.00000
2.562694526e+00  0.00000  0.99999  1.00000  0.00000  1.00000  1.00000  0.97922  0.00000
2.567819915e+00  0.00000  0.99998  1.00000  0.00000  1.00000  1.00000  0.97939  0.00000
2.572955555e+00  0.00000  0.99330  1.00000  0.00000  1.00000  1.00000  0.97955  0.00000
2.578101466e+00  0.00000  0.99369  1.00000  0.00000  1.00000  1.00000  0.97971  0.00000
2.583257669e+00  0.00000  0.99737  1.00000  0.00000  1.00000  1.00000  0.97987  0.00000
2.588424184e+00  0.00000  0.99775  1.00000  0.00000  1.00000  1.00000  0.98003  0.00000
2.593601033e+00  0.00000  0.99997  1.00000  0.00000  1.00000  1.00000  0.98019  0.00000
2.598788235e+00  0.00000  0.99999  1.00000  0.00000  1.00000  1.00000  0.98034  0.00000
2.603985811e+00  0.00000  1.00000  1.00000  0.00000  1.00000  1.00000  0.98050  0.00000
2.609193783e+00  0.00000  1.00000  1.00000  0.00000  1.00000  1.00000  0.98065  0.00000
2.614412170e+00  0.00000  1.00000  1.00000  0.00002  1.00000  1.00000  0.98080  0.00000
2.619640995e+00  0.00000  0.99993  1.00000  0.01994  1.00000  1.00000  0.98095  0.00000
2.624880277e+00  0.00000  0.99974  1.00000  0.15927  1.00000  1.00000  0.98110  0.00000
2.630130037e+00  0.00000  0.99553  1.00000  0.39526  1.00000  1.00000  0.98125  0.00000
2.635390297e+00  0.00000  0.93967  1.00000  0.57402  1.00000  1.00000  0.98140  0.00000
2.640661078e+00  0.00000  0.94781  1.00000  0.67710  1.00000  1.00000  0.98155  0.00000
2.645942400e+00  0.00000  0.99915  1.00000  0.70487  1.00000  1.00000  0.98169  0.00000
2.651234285e+00  0.00000  0.99980  1.00000  0.80605  1.00000  1.00000  0.98184  0.00000
2.656536753e+00  0.00000  0.99995  1.00000  0.83874  1.00000  1.00000  0.98198  0.00000
2.661849827e+00  0.00000  1.00000  1.00000  0.86819  1.00000  1.00000  0.98212  0.00000
2.667173526e+00  0.00000  1.00000  1.00000  0.95557  1.00000  1.00000  0.98226  0.00000
2.672507874e+00  0.00000  0.99995  1.00000  0.93518  1.00000  1.00000  0.98240  0.00000
2.677852889e+00  0.00000  0.99960  1.00000  0.89388  1.00000  1.00000  0.98254  0.00000
2.683208595e+00  0.00000  0.99875  1.00000  0.90461  1.00000  1.00000  0.98268  0.00000
2.688575012e+00  0.00000  0.99162  1.00000  0.90472  1.00000  1.00000  0.98282  0.00000
2.693952162e+00  0.00000  0.87397  1.00000  0.88306  1.00000  1.00000  0.98295  0.00000
2.699340067e+00  0.00000  0.88920  1.00000  0.89106  1.00000  1.00000  0.98309  0.00000
2.704738747e+00  0.00000  0.99742  1.00000  0.91162  1.00000  1.00000  0.98322  0.00000
2.710148224e+00  0.00000  0.99927  1.00000  0.89160  1.00000  1.00000  0.98335  0.00000
2.715568521e+00  0.00000  0.99982  1.00000  0.85392  1.00000  1.00000  0.98348  0.00000
2.720999658e+00  0.00000  1.00000  1.00000  0.83037  1.00000  1.00000  0.98362  0.00000
2.726441657e+00  0.00000  1.00000  1.00000  0.80320  1.00000  1.00000  0.98374  0.00000
2.731894540e+00  0.00000  1.00000  1.00000  0.79284  1.00000  1.00000  0.98387  0.00000
2.737358329e+00  0.00000  1.00000  1.00000  0.78297  1.00000  1.00000  0.98400  0.00000
2.742833046e+00  0.00000  1.00000  1.00000  0.75954  1.00000  1.00000  0.98413  0.00000
2.748318712e+00  0.00000  1.00000  1.00000  0.74411  1.00000  1.00000  0.98425  0.00000
2.753815350e+00  0.00000  0.99999  1.00000  0.72580  1.00000  1.00000  0.98438  0.00000
2.759322980e+00  0.00000  0.99913  1.00000  0.77377  1.00000  1.00000  0.98450  0.00000
2.764841626e+00  0.00000  0.99920  1.00000  0.82109  1.00000  1.00000  0.98462  0.00000
2.770371309e+00  0.00000  0.99999  1.00000  0.78288  1.00000  1.00000  0.98474  0.00000
2.775912052e+00  0.00000  1.00000  1.00000  0.83594  1.00000  1.00000  0.98486  0.00000
2.781463876e+00  0.00000  1.00000  1.00000  0.91260  1.00000  1.00000  0.98498  0.00000
2.787026804e+00  0.00000  1.00000  1.00000  0.90376  1.00000  1.00000  0.98510  0.00000
2.792600858e+00  0.00000  1.00000  1.00000  0.90868  1.00000  1.00000  0.98522  0.00000
2.798186059e+00  0.00000  1.00000  1.00000  0.94011  1.00000  1.00000  0.98534  0.00000
2.803782431e+00  0.00000  0.99996  1.00000  0.95904  1.00000  1.00000  0.98545  0.00000
2.809389996e+00  0.00000  0.99994  1.00000  0.95868  1.00000  1.00000  0.98557  0.00000
2.815008776e+00  0.00000  0.99992  1.00000  0.92692  1.00000  1.00000  0.98568  0.00000
2.820638794e+00  0.00000  0.99956  1.00000  0.80432  1.00000  1.00000  0.98579  0.00000
2.826280071e+00  0.00000  0.96986  1.00000  0.65267  1.00000  1.00000  0.98591  0.00000
2.831932632e+00  0.00000  0.97267  1.00000  0.54584  1.00000  1.00000  0.98602  0.00000
2.837596497e+00  0.00000  0.99979  1.00000  0.49214  1.00000  1.00000  0.98613  0.00000
2.843271690e+00  0.00000  0.99994  1.00000  0.51000  1.00000  1.00000  0.98624  0.00000
2.848958233e+00  0.00000  0.99998  1.00000  0.57539  1.00000  1.00000  0.98635  0.00000
2.854656150e+00  0.00000  1.00000  1.00000  0.64875  1.00000  1.00000  0.98646  0.00000
2.860365462e+00  0.00000  1.00000  1.00000  0.47720  1.00000  1.00000  0.98656  0.00001
2.866086193e+00  0.00001  1.00000  1.00000  0.41917  1.00000  1.00000  0.98667  0.00003
2.871818365e+00  0.00004  1.00000  1.00000  0.56836  1.00000  1.00000  0.98677  0.00008
2.877562002e+00  0.00013  1.00000  1.00000  0.62507  1.00000  1.00000  0.98688  0.00021
2.883317126e+00  0.00034  1.00000  1.00000  0.66932  1.00000  1.00000  0.98698  0.00051
2.889083760e+00  0.00068  1.00000  1.00000  0.62724  1.00000  1.00000  0.98709  0.00114
2.894861928e+00  0.00142  1.00000  1.00000  0.60866  1.00000  1.00000  0.98719  0.00232
2.900651652e+00  0.00299  0.99927  1.00000  0.68030  1.00000  1.00000  0.98729  0.00438
2.906452955e+00  0.00633  0.99933  1.00000  0.80671  1.00000  1.00000  0.98739  0.00772
2.912265861e+00  0.01152  0.99999  1.00000  0.90586  1.00000  1.00000  0.98749  0.01282
2.918090393e+00  0.01859  1.00000  1.00000  0.93210  1.00000  1.00000  0.98759  0.02014
2.923926573e+00  0.02874  1.00000  1.00000  0.96201  1.00000  1.00000  0.98769  0.03014
2.929774426e+00  0.04196  1.00000  1.00000  0.98645  1.00000  1.00000  0.98778  0.04301
2.935633975e+00  0.05782  1.00000  1.00000  0.99301  1.00000  1.00000  0.98788  0.05894
2.941505243e+00  0.07681  1.00000  1.00000  0.99259  1.00000  1.00000  0.98798  0.07834
2.947388254e+00  0.09855  1.00000  1.00000  0.98592  1.00000  1.00000  0.98807  0.10123
2.953283030e+00  0.12082  1.00000  1.00000  0.96253  1.00000  1.00000  0.98817  0.12727
2.959189596e+00  0.14030  1.00000  1.00000  0.91154  1.00000  1.00000  0.98826  0.15629
2.965107976e+00  0.14683  1.00000  1.00000  0.79798  1.00000  1.00000  0.98835  0.18776
2.971038191e+00  0.14124  1.00000  1.00000  0.65304  1.00000  1.00000  0.98844  0.22051
2.976980268e+00  0.13584  0.99999  1.00000  0.54386  1.00000  0.99999  0.98854  0.25400
2.982934228e+00  0.14263  0.99999  1.00000  0.50019  1.00000  0.99996  0.98863  0.28852
2.988900097e+00  0.18087  1.00000  1.00000  0.56188  1.00000  0.99991  0.98872  0.32366
2.994877897e+00  0.17874  1.00000  1.00000  0.50936  1.00000  0.99976  0.98881  0.35846
3.000867653e+00  0.16631  1.00000  1.00000  0.42737  1.00000  0.99963  0.98889  0.39279
3.006869388e+00  0.25569  1.00000  1.00000  0.59959  1.00000  0.99939  0.98898  0.42698
3.012883127e+00  0.32516  1.00000  1.00000  0.71507  1.00000  0.99937  0.98907  0.46031
3.018908893e+00  0.36934  1.00000  1.00000  0.75655  1.00000  0.99968  0.98916  0.49226
3.024946711e+00  0.44208  1.00000  1.00000  0.85414  1.00000  0.99986  0.98924  0.52258
3.030996604e+00  0.49553  1.00000  1.00000  0.90863  1.00000  0.99964  0.98933  0.55100
3.037058598e+00  0.54147  1.00000  1.00000  0.94617  1.00000  0.99950  0.98941  0.57823
3.043132715e+00  0.58304  1.00000  1.00000  0.97500  1.00000  0.99963  0.98950  0.60434
3.049218980e+00  0.61540  1.00000  1.00000  0.98953  1.00000  0.99970  0.98958  0.62855
3.055317418e+00  0.64109  1.00000  1.00000  0.99551  1.00000  0.99979  0.98966  0.65082
3.061428053e+00  0.66304  1.00000  1.00000  0.99798  1.00000  0.99988  0.98974  0.67133
3.067550909e+00  0.68257  1.00000  1.00000  0.99927  1.00000  0.99994  0.98982  0.69012
3.073686011e+00  0.69993  1.00000  1.00000  0.99974  1.00000  0.99997  0.98990  0.70727
3.079833383e+00  0.71520  1.00000  1.00000  0.99932  1.00000  0.99999  0.98998  0.72294
3.085993050e+00  0.72959  1.00000  1.00000  0.99942  1.00000  1.00000  0.99006  0.73734
3.092165036e+00  0.74278  1.00000  1.00000  0.99929  1.00000  1.00000  0.99014  0.75072
3.098349366e+00  0.75424  1.00000  1.00000  0.99776  1.00000  1.00000  0.99022  0.76340
3.104546065e+00  0.76541  1.00000  1.00000  0.99678  1.00000  1.00000  0.99030  0.77540
3.110755157e+00  0.77395  1.00000  1.00000  0.99387  1.00000  1.00000  0.99038  0.78630
3.116976667e+00  0.78113  1.00000  1.00000  0.99059  1.00000  1.00000  0.99045  0.79615
3.123210620e+00  0.78709  1.00000  1.00000  0.98693  1.00000  1.00000  0.99053  0.80515
3.129457042e+00  0.76891  1.00000  1.00000  0.95456  1.00000  1.00000  0.99060  0.81327
3.135715956e+00  0.75649  1.00000  1.00000  0.93046  1.00000  1.00000  0.99068  0.82067
3.141987388e+00  0.72377  1.00000  1.00000  0.88308  1.00000  1.00000  0.99075  0.82743
3.148271362e+00  0.62629  1.00000  1.00000  0.75857  1.00000  1.00000  0.99082  0.83355
3.154567905e+00  0.57792  1.00000  1.00000  0.69511  1.00000  1.00000  0.99090  0.83902
3.160877041e+00  0.37795  1.00000  1.00000  0.45260  1.00000  1.00000  0.99097  0.84392
3.167198795e+00  0.22179  1.00000  1.00000  0.26371  1.00000  1.00000  0.99104  0.84832
3.173533193e+00  0.13283  1.00000  1.00000  0.15756  1.00000  1.00000  0.99111  0.85222
3.179880259e+00  0.01362  1.00000  1.00000  0.01608  1.00000  1.00000  0.99118  0.85556
3.186240020e+00  0.00237  1.00000  1.00000  0.00279  1.00000  1.00000  0.99125  0.85837
3.192612500e+00  0.00032  1.00000  1.00000  0.00038  1.00000  1.00000  0.99132  0.86077
3.198997725e+00  0.00000  1.00000  1.00000  0.00000  1.00000  1.00000  0.99139  0.86279
3.205395720e+00  0.00000  1.00000  1.00000  0.00000  1.00000  1.00000  0.99146  0.86446
3.211806511e+00  0.00000  1.00000  1.00000  0.00000  1.00000  1.00000  0.99153  0.86582
3.218230124e+00  0.00000  1.00000  1.00000  0.00000  1.00000  1.00000  0.99159  0.86686
3.224666585e+00  0.00000  1.00000  1.00000  0.00000  1.00000  1.00000  0.99166  0.86754
3.231115918e+00  0.00000  1.00000  1.00000  0.00000  1.00000  1.00000  0.99173  0.86779
3.237578150e+00  0.00000  1.00000  1.00000  0.00000  1.00000  1.00000  0.99179  0.86783
3.244053306e+00  0.00000  1.00000  1.00000  0.00000  1.00000  1.00000  0.99186  0.86786
3.250541413e+00  0.00000  1.00000  1.00000  0.00000  1.00000  1.00000  0.99192  0.86788
3.257042495e+00  0.00000  1.00000  1.00000  0.00000  1.00000  1.00000  0.99198  0.86789
3.263556580e+00  0.00000  1.00000  1.00000  0.00000  1.00000  1.00000  0.99205  0.86790
3.270083694e+00  0.00000  1.00000  1.00000  0.00000  1.00000  1.00000  0.99211  0.86790
3.276623861e+00  0.00000  1.00000  1.00000  0.00000  1.00000  1.00000  0.99217  0.86790
3.283177109e+00  0.00000  1.00000  1.00000  0.00000  1.00000  1.00000  0.99224  0.86789
3.289743463e+00  0.00000  1.00000  1.00000  0.00000  1.00000  1.00000  0.99230  0.86787
3.296322950e+00  0.00000  1.00000  1.00000  0.00000  1.00000  1.00000  0.99236  0.86784
3.302915596e+00  0.00000  1.00000  1.00000  0.00000  1.00000  1.00000  0.99242  0.86780
3.309521427e+00  0.00000  1.00000  1.00000  0.00000  1.00000  1.00000  0.99248  0.86775
3.316140470e+00  0.00000  1.00000  1.00000  0.00000  1.00000  1.00000  0.99254  0.86770
3.322772751e+00  0.00000  1.00000  1.00000  0.00000  1.00000  1.00000  0.99260  0.86763
3.329418296e+00  0.00000  1.00000  1.00000  0.00000  1.00000  1.00000  0.99266  0.86756
3.336077133e+00  0.00000  1.00000  1.00000  0.00000  1.00000  1.00000  0.99271  0.86748
3.342749287e+00  0.00000  1.00000  1.00000  0.00000  1.00000  1.00000  0.99277  0.86739
3.349434786e+00  0.00000  1.00000  1.00000  0.00000  1.00000  1.00000  0.99283  0.86730
3.356133655e+00  0.00000  1.00000  1.00000  0.00000  1.00000  1.00000  0.99289  0.86720
3.362845923e+00  0.00000  1.00000  1.00000  0.00000  1.00000  1.00000  0.99294  0.86709
3.369571614e+00  0.00000  1.00000  1.00000  0.00000  1.00000  1.00000  0.99300  0.86697
3.376310758e+00  0.00000  1.00000  1.00000  0.00000  1.00000  1.00000  0.99305  0.86685
3.383063379e+00  0.00000  1.00000  1.00000  0.00000  1.00000  1.00000  0.99311  0.86672
3.389829506e+00  0.00000  1.00000  1.00000  0.00000  1.00000  1.00000  0.99316  0.86659
3.396609165e+00  0.00000  1.00000  1.00000  0.00000  1.00000  1.00000  0.99322  0.86644
3.403402383e+00  0.00000  1.00000  1.00000  0.00000  1.00000  1.00000  0.99327  0.86629
3.410209188e+00  0.00000  1.00000  1.00000  0.00000  1.00000  1.00000  0.99333  0.86613
3.417029606e+00  0.00000  1.00000  1.00000  0.00000  1.00000  1.00000  0.99338  0.86596
3.423863666e+00  0.00000  1.00000  1.00000  0.00000  1.00000  1.00000  0.99343  0.86579
3.430711393e+00  0.00000  1.00000  1.00000  0.00000  1.00000  1.00000  0.99348  0.86562
3.437572816e+00  0.00000  1.00000  1.00000  0.00000  1.00000  1.00000  0.99354  0.86544
3.444447961e+00  0.00000  1.00000  1.00000  0.00000  1.00000  1.00000  0.99359  0.86526
3.451336857e+00  0.00000  1.00000  1.00000  0.00000  1.00000  1.00000  0.99364  0.86506
3.458239531e+00  0.00000  1.00000  1.00000  0.00000  1.00000  1.00000  0.99369  0.86486
3.465156010e+00  0.00000  1.00000  1.00000  0.00000  1.00000  1.00000  0.99374  0.86466
3.472086322e+00  0.00000  1.00000  1.00000  0.00000  1.00000  1.00000  0.99379  0.86444
3.479030495e+00  0.00000  1.00000  1.00000  0.00000  1.00000  1.00000  0.99384  0.86422
3.485988556e+00  0.00000  1.00000  1.00000  0.00000  1.00000  1.00000  0.99389  0.86399
3.492960533e+00  0.00000  1.00000  1.00000  0.00000  1.00000  1.00000  0.99393  0.86377
3.499946454e+00  0.00000  1.00000  1.00000  0.00000  1.00000  1.00000  0.99398  0.86353
3.506946347e+00  0.00000  1.00000  1.00000  0.00000  1.00000  1.00000  0.99403  0.86327
3.513960240e+00  0.00000  1.00000  1.00000  0.00000  1.00000  1.00000  0.99408  0.86301
3.520988160e+00  0.00000  1.00000  1.00000  0.00000  1.00000  1.00000  0.99412  0.86276
3.528030136e+00  0.00000  1.00000  1.00000  0.00000  1.00000  1.00000  0.99417  0.86249
3.535086197e+00  0.00000  1.00000  1.00000  0.00000  1.00000  1.00000  0.99422  0.86222
3.542156369e+00  0.00000  1.00000  1.00000  0.00000  1.00000  1.00000  0.99426  0.86194
3.549240682e+00  0.00000  1.00000  1.00000  0.00000  1.00000  1.00000  0.99431  0.86166
3.556339163e+00  0.00000  1.00000  1.00000  0.00000  1.00000  1.00000  0.99435  0.86137
3.563451841e+00  0.00000  1.00000  1.00000  0.00000  1.00000  1.00000  0.99440  0.86106
3.570578745e+00  0.00000  1.00000  1.00000  0.00000  1.00000  1.00000  0.99444  0.86074
3.577719903e+00  0.00000  1.00000  1.00000  0.00000  1.00000  1.00000  0.99449  0.86043
3.584875342e+00  0.00000  1.00000  1.00000  0.00000  1.00000  1.00000  0.99453  0.86011
3.592045093e+00  0.00000  1.00000  1.00000  0.00000  1.00000  1.00000  0.99457  0.85978
3.599229183e+00  0.00000  1.00000  1.00000  0.00000  1.00000  1.00000  0.99462  0.85943
3.606427642e+00  0.00000  1.00000  1.00000  0.00000  1.00000  1.00000  0.99466  0.85907
3.613640497e+00  0.00000  1.00000  1.00000  0.00000  1.00000  1.00000  0.99470  0.85872
3.620867778e+00  0.00000  1.00000  1.00000  0.00000  1.00000  1.00000  0.99474  0.85835
3.628109513e+00  0.00000  1.00000  1.00000  0.00000  1.00000  1.00000  0.99479  0.85798
3.635365732e+00  0.00000  1.00000  1.00000  0.00000  1.00000  1.00000  0.99483  0.85760
3.642636464e+00  0.00000  1.00000  1.00000  0.00000  1.00000  1.00000  0.99487  0.85722
3.649921737e+00  0.00000  1.00000  1.00000  0.00000  1.00000  1.00000  0.99491  0.85682
3.657221580e+00  0.00005  1.00000  1.00000  0.00006  1.00000  1.00000  0.99495  0.85641
3.664536024e+00  0.00005  1.00000  1.00000  0.00006  1.00000  1.00000  0.99499  0.85599
3.671865096e+00  0.00001  1.00000  1.00000  0.00001  1.00000  1.00000  0.99503  0.85558
3.679208826e+00  0.00059  1.00000  1.00000  0.00069  1.00000  1.00000  0.99507  0.85517
3.686567243e+00  0.00053  1.00000  1.00000  0.00062  1.00000  1.00000  0.99511  0.85472
3.693940378e+00  0.00000  1.00000  1.00000  0.00000  1.00000  1.00000  0.99515  0.85427
3.701328259e+00  0.00000  1.00000  1.00000  0.00000  1.00000  1.00000  0.99519  0.85381
3.708730915e+00  0.00001  1.00000  1.00000  0.00001  1.00000  1.00000  0.99522  0.85336
3.716148377e+00  0.00000  1.00000  1.00000  0.00001  1.00000  1.00000  0.99526  0.85290
3.723580674e+00  0.00000  1.00000  1.00000  0.00000  1.00000  1.00000  0.99530  0.85240
3.731027835e+00  0.00000  1.00000  1.00000  0.00000  1.00000  1.00000  0.99534  0.85192
3.738489891e+00  0.00000  1.00000  1.00000  0.00000  1.00000  1.00000  0.99537  0.85144
3.745966871e+00  0.00000  1.00000  1.00000  0.00000  1.00000  1.00000  0.99541  0.85092
3.753458804e+00  0.00000  1.00000  1.00000  0.00000  1.00000  1.00000  0.99545  0.85041
3.760965722e+00  0.00000  1.00000  1.00000  0.00000  1.00000  1.00000  0.99548  0.84990
3.768487653e+00  0.00000  1.00000  1.00000  0.00000  1.00000  1.00000  0.99552  0.84935
3.776024629e+00  0.00000  1.00000  1.00000  0.00000  1.00000  1.00000  0.99555  0.84882
3.783576678e+00  0.00000  1.00000  1.00000  0.00000  1.00000  1.00000  0.99559  0.84828
3.791143831e+00  0.00000  1.00000  1.00000  0.00000  1.00000  1.00000  0.99563  0.84771
3.798726119e+00  0.00000  1.00000  1.00000  0.00000  1.00000  1.00000  0.99566  0.84716
3.806323571e+00  0.00000  1.00000  1.00000  0.00000  1.00000  1.00000  0.99569  0.84662
3.813936218e+00  0.00000  1.00000  1.00000  0.00000  1.00000  1.00000  0.99573  0.84605
3.821564091e+00  0.00000  1.00000  1.00000  0.00000  1.00000  1.00000  0.99576  0.84544
3.829207219e+00  0.00000  1.00000  1.00000  0.00000  1.00000  1.00000  0.99580  0.84485
3.836865633e+00  0.00000  1.00000  1.00000  0.00000  1.00000  1.00000  0.99583  0.84429
3.844539365e+00  0.00000  1.00000  1.00000  0.00000  1.00000  1.00000  0.99586  0.84371
3.852228443e+00  0.00000  1.00000  1.00000  0.00000  1.00000  1.00000  0.99590  0.84311
3.859932900e+00  0.00000  1.00000  1.00000  0.00000  1.00000  1.00000  0.99593  0.84247
3.867652766e+00  0.00000  1.00000  1.00000  0.00000  1.00000  1.00000  0.99596  0.84185
3.875388072e+00  0.00000  1.00000  1.00000  0.00000  1.00000  1.00000  0.99599  0.84125
3.883138848e+00  0.00000  1.00000  1.00000  0.00000  1.00000  1.00000  0.99602  0.84065
3.890905125e+00  0.00000  1.00000  1.00000  0.00000  1.00000  1.00000  0.99606  0.84004
3.898686936e+00  0.00000  1.00000  1.00000  0.00000  1.00000  1.00000  0.99609  0.83940
3.906484310e+00  0.00000  1.00000  1.00000  0.00000  1.00000  1.00000  0.99612  0.83873
3.914297278e+00  0.00000  1.00000  1.00000  0.00000  1.00000  1.00000  0.99615  0.83808
3.922125873e+00  0.00000  1.00000  1.00000  0.00000  1.00000  1.00000  0.99618  0.83746
3.929970124e+00  0.00000  1.00000  1.00000  0.00000  1.00000  1.00000  0.99621  0.83683
3.937830065e+00  0.00000  1.00000  1.00000  0.00000  1.00000  1.00000  0.99624  0.83620
3.945705725e+00  0.00000  1.00000  1.00000  0.00000  1.00000  1.00000  0.99627  0.83557
3.953597136e+00  0.00000  1.00000  1.00000  0.00000  1.00000  1.00000  0.99630  0.83493
3.961504331e+00  0.00077  1.00000  1.00000  0.00093  1.00000  1.00000  0.99633  0.83429
3.969427339e+00  0.01520  1.00000  1.00000  0.01831  1.00000  1.00000  0.99636  0.83365
3.977366194e+00  0.01507  1.00000  1.00000  0.01816  1.00000  1.00000  0.99639  0.83300
3.985320926e+00  0.00215  1.00000  1.00000  0.00259  1.00000  1.00000  0.99642  0.83235
3.993291568e+00  0.11345  1.00000  1.00000  0.13695  1.00000  1.00000  0.99644  0.83169
4.001278151e+00  0.23179  1.00000  1.00000  0.27992  1.00000  1.00000  0.99647  0.83102
4.009280708e+00  0.13386  1.00000  1.00000  0.16173  1.00000  1.00000  0.99650  0.83034
4.017299269e+00  0.06975  1.00000  1.00000  0.08439  1.00000  1.00000  0.99653  0.82966
4.025333868e+00  0.27065  1.00000  1.00000  0.32769  1.00000  1.00000  0.99656  0.82899
4.033384535e+00  0.38775  1.00000  1.00000  0.46971  1.00000  1.00000  0.99658  0.82831
4.041451304e+00  0.22970  1.00000  1.00000  0.27843  1.00000  1.00000  0.99661  0.82762
4.049534207e+00  0.14478  1.00000  1.00000  0.17568  1.00000  1.00000  0.99664  0.82693
4.057633275e+00  0.30472  1.00000  1.00000  0.37010  1.00000  1.00000  0.99666  0.82623
4.065748542e+00  0.40715  1.00000  1.00000  0.49484  1.00000  1.00000  0.99669  0.82552
4.073880039e+00  0.38328  1.00000  1.00000  0.46623  1.00000  1.00000  0.99672  0.82478
4.082027799e+00  0.33245  1.00000  1.00000  0.40474  1.00000  1.00000  0.99674  0.82404
4.090191855e+00  0.45206  1.00000  1.00000  0.55094  1.00000  1.00000  0.99677  0.82331
4.098372238e+00  0.60883  1.00000  1.00000  0.74251  1.00000  1.00000  0.99679  0.82261
4.106568983e+00  0.59121  1.00000  1.00000  0.72165  1.00000  1.00000  0.99682  0.82184
4.114782121e+00  0.56223  1.00000  1.00000  0.68695  1.00000  1.00000  0.99685  0.82103
4.123011685e+00  0.53516  1.00000  1.00000  0.65451  1.00000  1.00000  0.99687  0.82020
4.131257708e+00  0.61983  1.00000  1.00000  0.75891  1.00000  1.00000  0.99690  0.81935
4.139520224e+00  0.69683  1.00000  1.00000  0.85394  1.00000  1.00000  0.99692  0.81852
4.147799264e+00  0.61088  1.00000  1.00000  0.74931  1.00000  1.00000  0.99694  0.81771
4.156094863e+00  0.62305  1.00000  1.00000  0.76512  1.00000  1.00000  0.99697  0.81684
4.164407053e+00  0.69529  1.00000  1.00000  0.85510  1.00000  1.00000  0.99699  0.81556
4.172735867e+00  0.66568  1.00000  1.00000  0.82119  1.00000  1.00000  0.99702  0.81298
4.181081338e+00  0.67112  1.00000  1.00000  0.83168  1.00000  1.00000  0.99704  0.80944
4.189443501e+00  0.59512  1.00000  1.00000  0.74040  1.00000  1.00000  0.99706  0.80583
4.197822388e+00  0.56888  1.00000  1.00000  0.71152  1.00000  1.00000  0.99709  0.80210
4.206218033e+00  0.56453  1.00000  1.00000  0.70906  1.00000  1.00000  0.99711  0.79824
4.214630469e+00  0.43980  1.00000  1.00000  0.55509  1.00000  1.00000  0.99713  0.79435
4.223059730e+00  0.43560  1.00000  1.00000  0.55284  1.00000  1.00000  0.99716  0.79040
4.231505849e+00  0.37322  1.00000  1.00000  0.47564  1.00000  1.00000  0.99718  0.78633
4.239968861e+00  0.22835  1.00000  1.00000  0.29262  1.00000  1.00000  0.99720  0.78213
4.248448799e+00  0.28091  1.00000  1.00000  0.36243  1.00000  1.00000  0.99722  0.77791
4.256945696e+00  0.25058  1.00000  1.00000  0.32438  1.00000  1.00000  0.99725  0.77369
4.265459588e+00  0.13396  1.00000  1.00000  0.17457  1.00000  1.00000  0.99727  0.76935
4.273990507e+00  0.23389  1.00000  1.00000  0.30702  1.00000  1.00000  0.99729  0.76488
4.282538488e+00  0.17174  1.00000  1.00000  0.22587  1.00000  1.00000  0.99731  0.76040
4.291103565e+00  0.09142  1.00000  1.00000  0.12154  1.00000  1.00000  0.99733  0.75582
4.299685772e+00  0.30384  1.00000  1.00000  0.40620  1.00000  1.00000  0.99735  0.75110
4.308285144e+00  0.36006  1.00000  1.00000  0.48337  1.00000  1.00000  0.99737  0.74635
4.316901714e+00  0.24300  1.00000  1.00000  0.32841  1.00000  1.00000  0.99739  0.74147
4.325535517e+00  0.14825  1.00000  1.00000  0.20157  1.00000  1.00000  0.99742  0.73652
4.334186588e+00  0.24699  1.00000  1.00000  0.33916  1.00000  1.00000  0.99744  0.73156
4.342854961e+00  0.37200  1.00000  1.00000  0.51330  1.00000  1.00000  0.99746  0.72650
4.351540671e+00  0.35562  1.00000  1.00000  0.49418  1.00000  1.00000  0.99748  0.72140
4.360243753e+00  0.42956  1.00000  1.00000  0.60176  1.00000  1.00000  0.99750  0.71612
4.368964240e+00  0.32884  1.00000  1.00000  0.46296  1.00000  1.00000  0.99752  0.71071
4.377702169e+00  0.25886  1.00000  1.00000  0.36836  1.00000  1.00000  0.99754  0.70535
4.386457573e+00  0.37534  1.00000  1.00000  0.53774  1.00000  1.00000  0.99756  0.69995
4.395230488e+00  0.34726  1.00000  1.00000  0.50092  1.00000  1.00000  0.99758  0.69448
4.404020949e+00  0.38120  1.00000  1.00000  0.55527  1.00000  1.00000  0.99759  0.68882
4.412828991e+00  0.36116  1.00000  1.00000  0.52945  1.00000  1.00000  0.99761  0.68300
4.421654649e+00  0.39578  1.00000  1.00000  0.58662  1.00000  1.00000  0.99763  0.67718
4.430497958e+00  0.37899  1.00000  1.00000  0.56505  1.00000  1.00000  0.99765  0.67133
4.439358954e+00  0.33860  1.00000  1.00000  0.51060  1.00000  1.00000  0.99767  0.66539
4.448237672e+00  0.32539  1.00000  1.00000  0.49408  1.00000  1.00000  0.99769  0.65935
4.457134148e+00  0.18717  1.00000  1.00000  0.28680  1.00000  1.00000  0.99771  0.65320
4.466048416e+00  0.17480  1.00000  1.00000  0.27111  1.00000  1.00000  0.99773  0.64696
4.474980513e+00  0.12501  1.00000  1.00000  0.19492  1.00000  1.00000  0.99774  0.64071
4.483930474e+00  0.06997  1.00000  1.00000  0.11072  0.99999  1.00000  0.99776  0.63445
4.492898335e+00  0.08788  1.00000  1.00000  0.14021  0.99998  1.00000  0.99778  0.62805
4.501884131e+00  0.05491  1.00000  1.00000  0.08832  0.99986  1.00000  0.99780  0.62147
4.510887900e+00  0.08569  1.00000  1.00000  0.14020  0.99944  1.00000  0.99781  0.61485
4.519909675e+00  0.08752  1.00000  1.00000  0.14385  0.99727  1.00000  0.99783  0.60832
4.528949495e+00  0.12525  1.00000  1.00000  0.21140  0.98836  1.00000  0.99785  0.60163
4.538007394e+00  0.15082  1.00000  1.00000  0.25898  0.95884  1.00000  0.99787  0.59480
4.547083408e+00  0.06344  1.00000  1.00000  0.11410  0.82619  1.00000  0.99788  0.58794
4.556177575e+00  0.03182  1.00000  1.00000  0.07336  0.60232  1.00000  0.99790  0.58099
4.565289930e+00  0.02967  1.00000  1.00000  0.13449  0.30801  1.00000  0.99792  0.57404
4.574420510e+00  0.01224  1.00000  1.00000  0.36610  0.07149  1.00000  0.99793  0.56702
4.583569351e+00  0.00134  1.00000  1.00000  0.33514  0.00387  1.00000  0.99795  0.55986
4.592736490e+00  0.00001  1.00000  1.00000  0.33027  0.00005  1.00000  0.99797  0.55272
4.601921963e+00  0.00000  1.00000  1.00000  0.37211  0.00000  1.00000  0.99798  0.54558
4.611125807e+00  0.00000  1.00000  1.00000  0.35719  0.00000  1.00000  0.99800  0.53825
4.620348059e+00  0.00000  1.00000  1.00000  0.43473  0.00000  1.00000  0.99801  0.53087
4.629588755e+00  0.00000  1.00000  1.00000  0.42859  0.00000  1.00000  0.99803  0.52352
4.638847932e+00  0.00000  1.00000  1.00000  0.55142  0.00000  1.00000  0.99805  0.51611
4.648125628e+00  0.00000  1.00000  1.00000  0.57423  0.00000  1.00000  0.99806  0.50864
4.657421879e+00  0.00000  1.00000  1.00000  0.70277  0.00000  1.00000  0.99808  0.50102
4.666736723e+00  0.00000  1.00000  1.00000  0.74281  0.00000  1.00000  0.99809  0.49333
4.676070197e+00  0.00000  1.00000  1.00000  0.79752  0.00000  1.00000  0.99811  0.48578
4.685422337e+00  0.00000  1.00000  1.00000  0.88438  0.00000  1.00000  0.99812  0.47826
4.694793182e+00  0.00000  1.00000  1.00000  0.90468  0.00000  1.00000  0.99814  0.47059
4.704182768e+00  0.00000  1.00000  1.00000  0.96506  0.00000  1.00000  0.99815  0.46281
4.713591133e+00  0.00000  1.00000  1.00000  0.97011  0.00000  1.00000  0.99817  0.45507
4.723018316e+00  0.00000  1.00000  1.00000  0.99157  0.00000  1.00000  0.99818  0.44735
4.732464352e+00  0.00000  1.00000  1.00000  0.99288  0.00000  1.00000  0.99820  0.43950
4.741929281e+00  0.00000  1.00000  1.00000  0.99788  0.00000  1.00000  0.99821  0.43154
4.751413140e+00  0.00000  1.00000  1.00000  0.99819  0.00000  1.00000  0.99822  0.42375
4.760915966e+00  0.00000  1.00000  1.00000  0.99940  0.00001  1.00000  0.99824  0.41610
4.770437798e+00  0.00081  1.00000  1.00000  0.99947  0.00200  1.00000  0.99825  0.40831
4.779978673e+00  0.00179  1.00000  1.00000  0.99982  0.00448  1.00000  0.99827  0.40030
4.789538631e+00  0.00182  1.00000  1.00000  0.99984  0.00465  1.00000  0.99828  0.39227
4.799117708e+00  0.00269  1.00000  1.00000  0.99994  0.00705  1.00000  0.99829  0.38441
4.808715943e+00  0.00682  1.00000  1.00000  0.99995  0.01821  1.00000  0.99831  0.37663
4.818333375e+00  0.01670  1.00000  1.00000  0.99999  0.04554  1.00000  0.99832  0.36882
4.827970042e+00  0.03629  1.00000  1.00000  0.99998  0.10114  1.00000  0.99833  0.36085
4.837625982e+00  0.06801  1.00000  1.00000  0.99999  0.19366  1.00000  0.99835  0.35289
4.847301234e+00  0.10813  1.00000  1.00000  0.99999  0.31477  1.00000  0.99836  0.34492
4.856995837e+00  0.15138  1.00000  1.00000  1.00000  0.45095  1.00000  0.99837  0.33687
4.866709828e+00  0.19247  1.00000  1.00000  1.00000  0.58661  1.00000  0.99839  0.32906
4.876443248e+00  0.22691  1.00000  1.00000  1.00000  0.70798  1.00000  0.99840  0.32132
4.886196134e+00  0.24566  1.00000  1.00000  1.00000  0.78511  1.00000  0.99841  0.31350
4.895968527e+00  0.26671  1.00000  1.00000  1.00000  0.87435  1.00000  0.99842  0.30580
4.905760464e+00  0.27881  1.00000  1.00000  1.00000  0.93671  1.00000  0.99844  0.29812
4.915571985e+00  0.27276  1.00000  1.00000  1.00000  0.94087  1.00000  0.99845  0.29037
4.925403129e+00  0.26771  1.00000  1.00000  1.00000  0.94827  1.00000  0.99846  0.28276
4.935253935e+00  0.26262  1.00000  1.00000  1.00000  0.95560  1.00000  0.99847  0.27525
4.945124443e+00  0.25656  1.00000  1.00000  1.00000  0.95990  1.00000  0.99849  0.26768
4.955014692e+00  0.25144  1.00000  1.00000  1.00000  0.96865  1.00000  0.99850  0.25999
4.964924721e+00  0.24787  1.00000  1.00000  1.00000  0.98414  1.00000  0.99851  0.25227
4.974854571e+00  0.24284  1.00000  1.00000  1.00000  0.99393  1.00000  0.99852  0.24469
4.984804280e+00  0.23625  1.00000  1.00000  1.00000  0.99719  1.00000  0.99853  0.23727
4.994773888e+00  0.22929  1.00000  1.00000  1.00000  0.99878  1.00000  0.99855  0.22990
