# ------------------------------------------------------------------------
# NASA-GSFC Planetary Spectrum Generator (PSG, Villanueva et al. 2018)
# Atmospheric transmittance spectrum synthesized with PUMAS (Villanueva et al. 2018, Smith et al. 2009, Edwards 1992)
# Synthesized on Sat Jul 31 18:26:43 2021
# Molecular abundance profile: Saturn atmosphere - Moses et al. 2005, JGR
# Molecules considered: H2,He,CH4,C2H6,C2H2
# Molecular sources: HIT[45],HIT[0],HIT[6],HIT[27],HIT[26]
# Molecular abundances: 100,15.7,1,1,1
# Molecular abundance units: pct,pct,scl,scl,scl
# Collissional partners (H2 type): Air:0%, H2:86%, He:14%, CO2:0%
# Collision-Induced-Absorption:  H2-H2  H2-He 
# Rayleigh scattering included
# ------------------------------------------------------------------------
# Spectral unit: Wavelength [um]
# Wave/freq Total H2 He CH4 C2H6 C2H2 Rayleigh CIA
1.000000000e+00  0.00035  1.00000  1.00000  0.00046  1.00000  1.00000  0.80325  0.95934
1.002000000e+00  0.00035  1.00000  1.00000  0.00047  1.00000  1.00000  0.80465  0.91698
1.004004000e+00  0.00038  1.00000  1.00000  0.00052  1.00000  1.00000  0.80604  0.90695
1.006012008e+00  0.00038  0.99999  1.00000  0.00052  1.00000  1.00000  0.80743  0.89551
1.008024032e+00  0.00035  0.99999  1.00000  0.00050  1.00000  1.00000  0.80880  0.88211
1.010040080e+00  0.00047  1.00000  1.00000  0.00067  1.00000  1.00000  0.81017  0.86677
1.012060160e+00  0.00044  1.00000  1.00000  0.00063  1.00000  1.00000  0.81153  0.85029
1.014084281e+00  0.00035  1.00000  1.00000  0.00051  1.00000  1.00000  0.81288  0.83465
1.016112449e+00  0.00044  1.00000  1.00000  0.00065  1.00000  0.99999  0.81422  0.82071
1.018144674e+00  0.00057  1.00000  1.00000  0.00086  1.00000  0.99998  0.81555  0.80812
1.020180963e+00  0.00098  1.00000  1.00000  0.00151  1.00000  0.99999  0.81688  0.79603
1.022221325e+00  0.00144  1.00000  1.00000  0.00225  1.00000  0.99999  0.81819  0.78233
1.024265768e+00  0.00239  1.00000  1.00000  0.00382  1.00000  1.00000  0.81950  0.76548
1.026314299e+00  0.00338  1.00000  1.00000  0.00554  1.00000  1.00000  0.82080  0.74502
1.028366928e+00  0.00445  1.00000  1.00000  0.00754  1.00000  1.00000  0.82209  0.72083
1.030423662e+00  0.00836  1.00000  1.00000  0.01475  1.00000  1.00000  0.82338  0.69341
1.032484509e+00  0.01523  1.00000  1.00000  0.02800  1.00000  1.00000  0.82465  0.66366
1.034549478e+00  0.03250  1.00000  1.00000  0.06280  1.00000  0.99998  0.82592  0.63289
1.036618577e+00  0.05412  1.00000  1.00000  0.10902  1.00000  0.99991  0.82718  0.60276
1.038691814e+00  0.08283  1.00000  1.00000  0.17540  1.00000  0.99990  0.82843  0.57364
1.040769198e+00  0.12593  1.00000  1.00000  0.28027  1.00000  0.99992  0.82967  0.54458
1.042850736e+00  0.16866  1.00000  1.00000  0.39620  1.00000  0.99995  0.83090  0.51450
1.044936438e+00  0.21983  1.00000  1.00000  0.55125  1.00000  0.99999  0.83213  0.48213
1.047026311e+00  0.23079  1.00000  1.00000  0.61899  1.00000  1.00000  0.83335  0.44675
1.049120363e+00  0.23280  1.00000  1.00000  0.68629  1.00000  1.00000  0.83456  0.40885
1.051218604e+00  0.25502  1.00000  1.00000  0.82923  1.00000  1.00000  0.83576  0.36939
1.053321041e+00  0.25978  1.00000  1.00000  0.94485  1.00000  1.00000  0.83695  0.32969
1.055427683e+00  0.24437  1.00000  1.00000  0.99958  1.00000  1.00000  0.83814  0.29170
1.057538539e+00  0.21647  1.00000  1.00000  1.00000  1.00000  1.00000  0.83932  0.25792
1.059653616e+00  0.19268  1.00000  1.00000  1.00000  1.00000  1.00000  0.84049  0.22926
1.061772923e+00  0.17269  1.00000  1.00000  1.00000  1.00000  1.00000  0.84165  0.20519
1.063896469e+00  0.15551  1.00000  1.00000  1.00000  1.00000  1.00000  0.84281  0.18452
1.066024262e+00  0.13916  1.00000  1.00000  1.00000  1.00000  1.00000  0.84396  0.16489
1.068156310e+00  0.12260  1.00000  1.00000  1.00000  1.00000  1.00000  0.84510  0.14507
1.070292623e+00  0.10608  1.00000  1.00000  1.00000  1.00000  1.00000  0.84623  0.12537
1.072433208e+00  0.09028  1.00000  1.00000  1.00000  1.00000  1.00000  0.84736  0.10655
1.074578075e+00  0.07605  1.00000  1.00000  1.00000  1.00000  1.00000  0.84847  0.08964
1.076727231e+00  0.06399  1.00000  1.00000  1.00000  1.00000  1.00000  0.84958  0.07533
1.078880685e+00  0.05405  1.00000  1.00000  1.00000  1.00000  1.00000  0.85069  0.06354
1.081038447e+00  0.04598  1.00000  1.00000  1.00000  1.00000  1.00000  0.85178  0.05399
1.083200524e+00  0.03936  1.00000  1.00000  1.00000  1.00000  1.00000  0.85287  0.04615
1.085366925e+00  0.03361  0.99995  1.00000  0.99947  1.00000  1.00000  0.85395  0.03938
1.087537658e+00  0.02620  0.99995  1.00000  0.91201  1.00000  1.00000  0.85503  0.03334
1.089712734e+00  0.01497  0.99999  1.00000  0.60752  1.00000  1.00000  0.85609  0.02787
1.091892159e+00  0.00467  1.00000  1.00000  0.21982  1.00000  1.00000  0.85715  0.02296
1.094075944e+00  0.00071  1.00000  1.00000  0.04332  1.00000  1.00000  0.85821  0.01864
1.096264095e+00  0.00053  1.00000  1.00000  0.04224  1.00000  1.00000  0.85925  0.01499
1.098456624e+00  0.00048  1.00000  1.00000  0.04603  1.00000  1.00000  0.86029  0.01205
1.100653537e+00  0.00046  0.99954  1.00000  0.05565  1.00000  1.00000  0.86132  0.00978
1.102854844e+00  0.00089  0.99958  1.00000  0.13629  1.00000  1.00000  0.86234  0.00799
1.105060554e+00  0.00098  0.99999  1.00000  0.17076  1.00000  1.00000  0.86336  0.00651
1.107270675e+00  0.00038  1.00000  1.00000  0.07639  1.00000  1.00000  0.86437  0.00523
1.109485216e+00  0.00003  1.00000  1.00000  0.00719  1.00000  1.00000  0.86537  0.00410
1.111704187e+00  0.00000  1.00000  1.00000  0.00088  1.00000  1.00000  0.86637  0.00314
1.113927595e+00  0.00000  1.00000  1.00000  0.00044  1.00000  1.00000  0.86736  0.00235
1.116155450e+00  0.00000  0.99988  1.00000  0.00018  1.00000  1.00000  0.86834  0.00175
1.118387761e+00  0.00000  0.98424  1.00000  0.00008  1.00000  1.00000  0.86932  0.00131
1.120624537e+00  0.00000  0.98549  1.00000  0.00003  1.00000  1.00000  0.87029  0.00099
1.122865786e+00  0.00000  0.99977  1.00000  0.00002  1.00000  1.00000  0.87125  0.00079
1.125111517e+00  0.00000  0.99999  1.00000  0.00000  1.00000  1.00000  0.87221  0.00069
1.127361740e+00  0.00000  1.00000  1.00000  0.00000  1.00000  1.00000  0.87316  0.00068
1.129616464e+00  0.00000  1.00000  1.00000  0.00000  1.00000  1.00000  0.87410  0.00073
1.131875697e+00  0.00000  1.00000  1.00000  0.00000  1.00000  1.00000  0.87504  0.00084
1.134139448e+00  0.00000  1.00000  1.00000  0.00000  1.00000  1.00000  0.87597  0.00098
1.136407727e+00  0.00000  0.99985  1.00000  0.00000  1.00000  1.00000  0.87689  0.00109
1.138680542e+00  0.00000  0.97076  1.00000  0.00000  1.00000  1.00000  0.87781  0.00113
1.140957903e+00  0.00000  0.97214  1.00000  0.00000  1.00000  1.00000  0.87872  0.00109
1.143239819e+00  0.00000  0.99874  1.00000  0.00001  1.00000  1.00000  0.87963  0.00097
1.145526299e+00  0.00000  0.99996  1.00000  0.00000  1.00000  1.00000  0.88053  0.00081
1.147817351e+00  0.00000  1.00000  1.00000  0.00000  1.00000  1.00000  0.88142  0.00064
1.150112986e+00  0.00000  1.00000  1.00000  0.00000  1.00000  1.00000  0.88230  0.00051
1.152413212e+00  0.00000  1.00000  1.00000  0.00000  1.00000  1.00000  0.88318  0.00042
1.154718039e+00  0.00000  1.00000  1.00000  0.00000  1.00000  1.00000  0.88406  0.00036
1.157027475e+00  0.00000  1.00000  1.00000  0.00000  1.00000  1.00000  0.88492  0.00035
1.159341530e+00  0.00000  0.99965  1.00000  0.00000  1.00000  1.00000  0.88579  0.00037
1.161660213e+00  0.00000  0.99275  1.00000  0.00000  1.00000  1.00000  0.88664  0.00043
1.163983533e+00  0.00000  0.88598  1.00000  0.00000  1.00000  1.00000  0.88749  0.00055
1.166311500e+00  0.00000  0.90028  1.00000  0.00000  1.00000  1.00000  0.88834  0.00076
1.168644123e+00  0.00000  0.99859  1.00000  0.00000  1.00000  1.00000  0.88917  0.00106
1.170981411e+00  0.00000  1.00000  1.00000  0.00000  1.00000  0.99999  0.89000  0.00140
1.173323374e+00  0.00000  1.00000  1.00000  0.00000  1.00000  0.99998  0.89083  0.00168
1.175670021e+00  0.00000  1.00000  1.00000  0.00000  1.00000  0.99997  0.89165  0.00181
1.178021361e+00  0.00000  1.00000  1.00000  0.00000  1.00000  0.99998  0.89246  0.00176
1.180377404e+00  0.00000  1.00000  1.00000  0.00000  1.00000  0.99998  0.89327  0.00157
1.182738159e+00  0.00000  1.00000  1.00000  0.00000  1.00000  0.99999  0.89408  0.00135
1.185103635e+00  0.00000  1.00000  1.00000  0.00000  1.00000  1.00000  0.89487  0.00116
1.187473842e+00  0.00000  0.99958  1.00000  0.00000  1.00000  1.00000  0.89567  0.00102
1.189848790e+00  0.00000  0.93973  1.00000  0.00000  1.00000  1.00000  0.89645  0.00094
1.192228487e+00  0.00000  0.93678  1.00000  0.00000  1.00000  1.00000  0.89723  0.00088
1.194612944e+00  0.00000  0.99190  1.00000  0.00001  1.00000  1.00000  0.89801  0.00084
1.197002170e+00  0.00000  0.99979  1.00000  0.00003  1.00000  1.00000  0.89878  0.00081
1.199396175e+00  0.00000  1.00000  1.00000  0.00005  1.00000  1.00000  0.89954  0.00080
1.201794967e+00  0.00000  1.00000  1.00000  0.00008  1.00000  1.00000  0.90030  0.00086
1.204198557e+00  0.00000  1.00000  1.00000  0.00010  1.00000  1.00000  0.90105  0.00101
1.206606954e+00  0.00000  1.00000  1.00000  0.00020  1.00000  1.00000  0.90180  0.00129
1.209020168e+00  0.00000  1.00000  1.00000  0.00059  1.00000  1.00000  0.90254  0.00175
1.211438208e+00  0.00000  1.00000  1.00000  0.00132  1.00000  1.00000  0.90328  0.00243
1.213861085e+00  0.00000  1.00000  1.00000  0.00166  1.00000  1.00000  0.90401  0.00327
1.216288807e+00  0.00001  1.00000  1.00000  0.00242  1.00000  1.00000  0.90474  0.00408
1.218721384e+00  0.00002  1.00000  1.00000  0.00377  1.00000  1.00000  0.90546  0.00464
1.221158827e+00  0.00003  1.00000  1.00000  0.00765  1.00000  1.00000  0.90617  0.00478
1.223601145e+00  0.00005  1.00000  1.00000  0.01182  1.00000  1.00000  0.90688  0.00448
1.226048347e+00  0.00004  1.00000  1.00000  0.01128  1.00000  1.00000  0.90759  0.00390
1.228500444e+00  0.00003  1.00000  1.00000  0.00970  1.00000  1.00000  0.90829  0.00324
1.230957445e+00  0.00002  1.00000  1.00000  0.00711  1.00000  1.00000  0.90899  0.00266
1.233419360e+00  0.00001  1.00000  1.00000  0.00554  1.00000  1.00000  0.90968  0.00229
1.235886198e+00  0.00001  0.99954  1.00000  0.00719  1.00000  1.00000  0.91036  0.00218
1.238357971e+00  0.00003  0.96634  1.00000  0.01355  1.00000  1.00000  0.91104  0.00238
1.240834687e+00  0.00007  0.91781  1.00000  0.02681  1.00000  1.00000  0.91172  0.00294
1.243316356e+00  0.00018  0.93735  1.00000  0.04857  1.00000  1.00000  0.91239  0.00402
1.245802989e+00  0.00033  0.98579  1.00000  0.06091  1.00000  1.00000  0.91306  0.00596
1.248294595e+00  0.00064  0.99284  1.00000  0.07331  1.00000  1.00000  0.91372  0.00919
1.250791184e+00  0.00184  0.99352  1.00000  0.13337  1.00000  1.00000  0.91437  0.01412
1.253292766e+00  0.00386  0.99988  1.00000  0.19473  1.00000  1.00000  0.91503  0.02128
1.255799352e+00  0.00823  0.99980  1.00000  0.27604  1.00000  1.00000  0.91567  0.03125
1.258310951e+00  0.01655  0.99982  1.00000  0.39159  1.00000  1.00000  0.91632  0.04504
1.260827572e+00  0.02476  1.00000  1.00000  0.42789  1.00000  1.00000  0.91695  0.06343
1.263349228e+00  0.03217  1.00000  1.00000  0.40733  1.00000  1.00000  0.91759  0.08629
1.265875926e+00  0.04655  0.99997  1.00000  0.44481  1.00000  1.00000  0.91822  0.11266
1.268407678e+00  0.06195  0.99998  1.00000  0.48072  1.00000  1.00000  0.91884  0.14037
1.270944493e+00  0.08000  1.00000  1.00000  0.52097  1.00000  1.00000  0.91946  0.16604
1.273486382e+00  0.09476  1.00000  1.00000  0.55320  1.00000  1.00000  0.92007  0.18629
1.276033355e+00  0.10921  1.00000  1.00000  0.59515  1.00000  1.00000  0.92068  0.19896
1.278585422e+00  0.12967  1.00000  1.00000  0.69158  1.00000  1.00000  0.92129  0.20349
1.281142593e+00  0.14249  1.00000  1.00000  0.76985  1.00000  1.00000  0.92189  0.20087
1.283704878e+00  0.14393  1.00000  1.00000  0.80661  1.00000  1.00000  0.92249  0.19348
1.286272287e+00  0.13738  1.00000  1.00000  0.80607  1.00000  1.00000  0.92308  0.18460
1.288844832e+00  0.13072  1.00000  1.00000  0.78936  1.00000  1.00000  0.92367  0.17928
1.291422522e+00  0.12188  0.99994  1.00000  0.73012  1.00000  1.00000  0.92425  0.18079
1.294005367e+00  0.10219  0.99114  1.00000  0.58733  1.00000  1.00000  0.92483  0.19008
1.296593377e+00  0.07167  0.99177  1.00000  0.37827  1.00000  1.00000  0.92541  0.20999
1.299186564e+00  0.03962  0.99980  1.00000  0.18277  1.00000  1.00000  0.92598  0.24292
1.301784937e+00  0.01765  0.99999  1.00000  0.06920  1.00000  1.00000  0.92655  0.28747
1.304388507e+00  0.00735  1.00000  1.00000  0.02423  1.00000  1.00000  0.92711  0.34128
1.306997284e+00  0.00262  1.00000  1.00000  0.00745  1.00000  1.00000  0.92767  0.40081
1.309611279e+00  0.00084  1.00000  1.00000  0.00198  1.00000  1.00000  0.92822  0.46054
1.312230501e+00  0.00041  0.99998  1.00000  0.00089  1.00000  1.00000  0.92877  0.51633
1.314854962e+00  0.00010  0.99998  1.00000  0.00019  1.00000  1.00000  0.92932  0.56537
1.317484672e+00  0.00009  1.00000  1.00000  0.00016  1.00000  1.00000  0.92986  0.60623
1.320119642e+00  0.00004  1.00000  1.00000  0.00006  1.00000  1.00000  0.93040  0.63842
1.322759881e+00  0.00001  1.00000  1.00000  0.00002  1.00000  1.00000  0.93093  0.66262
1.325405401e+00  0.00001  1.00000  1.00000  0.00002  1.00000  1.00000  0.93146  0.68068
1.328056212e+00  0.00001  1.00000  1.00000  0.00002  1.00000  1.00000  0.93199  0.69487
1.330712324e+00  0.00001  1.00000  1.00000  0.00002  1.00000  1.00000  0.93251  0.70817
1.333373749e+00  0.00001  0.99997  1.00000  0.00001  1.00000  1.00000  0.93303  0.72300
1.336040496e+00  0.00000  0.99539  1.00000  0.00000  1.00000  1.00000  0.93355  0.74054
1.338712577e+00  0.00000  0.99562  1.00000  0.00000  1.00000  1.00000  0.93406  0.76098
1.341390002e+00  0.00000  0.99980  1.00000  0.00000  1.00000  1.00000  0.93457  0.78372
1.344072782e+00  0.00000  0.99997  1.00000  0.00000  1.00000  1.00000  0.93507  0.80719
1.346760928e+00  0.00000  0.99998  1.00000  0.00000  1.00000  0.99999  0.93557  0.82950
1.349454450e+00  0.00000  0.99999  1.00000  0.00000  1.00000  0.99995  0.93607  0.84933
1.352153359e+00  0.00000  0.99979  1.00000  0.00000  1.00000  0.99996  0.93656  0.86628
1.354857665e+00  0.00000  0.99982  1.00000  0.00000  1.00000  0.99999  0.93705  0.88050
1.357567381e+00  0.00000  0.99997  1.00000  0.00000  1.00000  0.99999  0.93753  0.89204
1.360282515e+00  0.00000  0.99869  1.00000  0.00000  1.00000  1.00000  0.93801  0.90115
1.363003080e+00  0.00000  0.99882  1.00000  0.00000  1.00000  1.00000  0.93849  0.90822
1.365729087e+00  0.00000  0.99993  1.00000  0.00000  1.00000  1.00000  0.93897  0.91354
1.368460545e+00  0.00000  0.99957  1.00000  0.00000  1.00000  1.00000  0.93944  0.91735
1.371197466e+00  0.00000  0.99517  1.00000  0.00000  1.00000  1.00000  0.93990  0.91991
1.373939861e+00  0.00000  0.99589  1.00000  0.00000  1.00000  1.00000  0.94037  0.92132
1.376687740e+00  0.00000  0.99998  1.00000  0.00000  1.00000  1.00000  0.94083  0.92176
1.379441116e+00  0.00000  0.99991  1.00000  0.00000  1.00000  1.00000  0.94128  0.92143
1.382199998e+00  0.00000  0.99021  1.00000  0.00000  1.00000  0.99998  0.94174  0.92041
1.384964398e+00  0.00000  0.99104  1.00000  0.00000  1.00000  0.99996  0.94219  0.91881
1.387734327e+00  0.00000  0.99989  1.00000  0.00000  1.00000  0.99993  0.94264  0.91670
1.390509796e+00  0.00000  0.99999  1.00000  0.00000  1.00000  0.99995  0.94308  0.91415
1.393290815e+00  0.00000  0.99994  1.00000  0.00000  1.00000  0.99999  0.94352  0.91118
1.396077397e+00  0.00000  0.99142  1.00000  0.00000  1.00000  0.99999  0.94396  0.90783
1.398869552e+00  0.00000  0.99210  1.00000  0.00000  1.00000  0.99998  0.94439  0.90414
1.401667291e+00  0.00000  0.99988  1.00000  0.00000  1.00000  0.99994  0.94482  0.90016
1.404470625e+00  0.00000  0.99999  1.00000  0.00000  1.00000  0.99995  0.94525  0.89591
1.407279567e+00  0.00000  1.00000  1.00000  0.00000  1.00000  0.99998  0.94567  0.89138
1.410094126e+00  0.00000  1.00000  1.00000  0.00000  1.00000  0.99999  0.94609  0.88661
1.412914314e+00  0.00000  0.99998  1.00000  0.00000  1.00000  1.00000  0.94651  0.88157
1.415740143e+00  0.00000  0.99997  1.00000  0.00000  1.00000  1.00000  0.94692  0.87627
1.418571623e+00  0.00000  0.99999  1.00000  0.00000  1.00000  1.00000  0.94733  0.87073
1.421408766e+00  0.00000  0.99999  1.00000  0.00000  1.00000  1.00000  0.94774  0.86496
1.424251584e+00  0.00000  1.00000  1.00000  0.00000  1.00000  1.00000  0.94815  0.85896
1.427100087e+00  0.00000  0.99998  1.00000  0.00000  1.00000  1.00000  0.94855  0.85272
1.429954287e+00  0.00000  0.99633  1.00000  0.00000  1.00000  1.00000  0.94895  0.84624
1.432814196e+00  0.00000  0.99658  1.00000  0.00000  1.00000  1.00000  0.94934  0.83967
1.435679824e+00  0.00001  0.99991  1.00000  0.00001  1.00000  1.00000  0.94974  0.83289
1.438551184e+00  0.00001  0.99999  1.00000  0.00001  1.00000  1.00000  0.95013  0.82577
1.441428286e+00  0.00001  1.00000  1.00000  0.00001  1.00000  1.00000  0.95051  0.81841
1.444311143e+00  0.00001  1.00000  1.00000  0.00002  1.00000  1.00000  0.95090  0.81082
1.447199765e+00  0.00001  0.99998  1.00000  0.00002  1.00000  1.00000  0.95128  0.80297
1.450094164e+00  0.00001  0.99809  1.00000  0.00002  1.00000  1.00000  0.95166  0.79490
1.452994353e+00  0.00002  0.99824  1.00000  0.00003  1.00000  1.00000  0.95203  0.78662
1.455900341e+00  0.00003  0.99997  1.00000  0.00003  1.00000  1.00000  0.95240  0.77811
1.458812142e+00  0.00002  1.00000  1.00000  0.00003  1.00000  1.00000  0.95277  0.76939
1.461729766e+00  0.00004  1.00000  1.00000  0.00005  1.00000  1.00000  0.95314  0.76045
1.464653226e+00  0.00011  1.00000  1.00000  0.00015  1.00000  1.00000  0.95351  0.75122
1.467582532e+00  0.00013  0.99999  1.00000  0.00019  1.00000  1.00000  0.95387  0.74175
1.470517697e+00  0.00013  0.99997  1.00000  0.00018  1.00000  1.00000  0.95423  0.73211
1.473458733e+00  0.00008  0.99954  1.00000  0.00011  1.00000  1.00000  0.95458  0.72227
1.476405650e+00  0.00004  0.99960  1.00000  0.00005  1.00000  1.00000  0.95493  0.71213
1.479358462e+00  0.00007  1.00000  1.00000  0.00011  1.00000  1.00000  0.95529  0.70175
1.482317178e+00  0.00013  1.00000  1.00000  0.00020  1.00000  1.00000  0.95563  0.69123
1.485281813e+00  0.00024  1.00000  1.00000  0.00038  1.00000  1.00000  0.95598  0.68046
1.488252376e+00  0.00046  1.00000  1.00000  0.00072  1.00000  1.00000  0.95632  0.66942
1.491228881e+00  0.00110  1.00000  1.00000  0.00175  1.00000  1.00000  0.95666  0.65830
1.494211339e+00  0.00503  1.00000  1.00000  0.00816  1.00000  1.00000  0.95700  0.64701
1.497199762e+00  0.00606  0.99994  1.00000  0.00994  1.00000  1.00000  0.95733  0.63540
1.500194161e+00  0.00726  0.99994  1.00000  0.01220  1.00000  1.00000  0.95767  0.62364
1.503194550e+00  0.01061  1.00000  1.00000  0.01812  1.00000  0.99999  0.95800  0.61172
1.506200939e+00  0.00941  1.00000  1.00000  0.01635  1.00000  0.99996  0.95832  0.59962
1.509213340e+00  0.00962  1.00000  1.00000  0.01711  1.00000  0.99993  0.95865  0.58734
1.512231767e+00  0.01380  1.00000  1.00000  0.02508  1.00000  0.99995  0.95897  0.57485
1.515256231e+00  0.01564  1.00000  1.00000  0.02900  1.00000  0.99993  0.95929  0.56218
1.518286743e+00  0.02339  1.00000  1.00000  0.04453  1.00000  0.99943  0.95961  0.54945
1.521323317e+00  0.03477  0.99999  1.00000  0.06760  1.00000  0.99765  0.95992  0.53665
1.524365963e+00  0.04700  0.99999  1.00000  0.09370  1.00000  0.99597  0.96023  0.52368
1.527414695e+00  0.06522  1.00000  1.00000  0.13328  1.00000  0.99688  0.96055  0.51061
1.530469525e+00  0.08104  1.00000  1.00000  0.16978  1.00000  0.99699  0.96085  0.49743
1.533530464e+00  0.11561  1.00000  1.00000  0.24926  1.00000  0.99725  0.96116  0.48423
1.536597525e+00  0.14195  1.00000  1.00000  0.31353  1.00000  0.99893  0.96146  0.47101
1.539670720e+00  0.13784  1.00000  1.00000  0.31304  1.00000  0.99968  0.96176  0.45774
1.542750061e+00  0.14166  1.00000  1.00000  0.33159  1.00000  0.99994  0.96206  0.44450
1.545835561e+00  0.13695  1.00000  1.00000  0.32964  1.00000  0.99999  0.96236  0.43126
1.548927232e+00  0.15180  1.00000  1.00000  0.37835  1.00000  0.99999  0.96265  0.41794
1.552025087e+00  0.19961  1.00000  1.00000  0.51342  1.00000  0.99999  0.96294  0.40463
1.555129137e+00  0.19075  1.00000  1.00000  0.50470  1.00000  0.99999  0.96323  0.39146
1.558239395e+00  0.14929  1.00000  1.00000  0.40901  1.00000  0.99999  0.96352  0.37839
1.561355874e+00  0.13818  1.00000  1.00000  0.39257  1.00000  1.00000  0.96380  0.36535
1.564478586e+00  0.10917  1.00000  1.00000  0.31994  1.00000  1.00000  0.96409  0.35238
1.567607543e+00  0.10031  1.00000  1.00000  0.30744  1.00000  1.00000  0.96437  0.33953
1.570742758e+00  0.11879  1.00000  1.00000  0.37700  1.00000  1.00000  0.96465  0.32686
1.573884244e+00  0.14388  1.00000  1.00000  0.47590  1.00000  1.00000  0.96492  0.31439
1.577032012e+00  0.18003  1.00000  1.00000  0.61893  1.00000  1.00000  0.96520  0.30197
1.580186076e+00  0.18993  1.00000  1.00000  0.67902  1.00000  1.00000  0.96547  0.28973
1.583346448e+00  0.18254  1.00000  1.00000  0.68059  1.00000  1.00000  0.96574  0.27772
1.586513141e+00  0.17465  1.00000  1.00000  0.67993  1.00000  1.00000  0.96601  0.26590
1.589686167e+00  0.14838  1.00000  1.00000  0.60212  1.00000  1.00000  0.96627  0.25435
1.592865540e+00  0.11554  1.00000  1.00000  0.49090  1.00000  1.00000  0.96654  0.24308
1.596051271e+00  0.08045  1.00000  1.00000  0.35650  1.00000  1.00000  0.96680  0.23198
1.599243373e+00  0.04126  1.00000  1.00000  0.19117  1.00000  1.00000  0.96706  0.22114
1.602441860e+00  0.01722  1.00000  1.00000  0.08362  1.00000  1.00000  0.96732  0.21064
1.605646744e+00  0.00912  1.00000  1.00000  0.04696  1.00000  1.00000  0.96757  0.20041
1.608858037e+00  0.01468  1.00000  1.00000  0.08052  1.00000  1.00000  0.96783  0.19040
1.612075753e+00  0.01130  1.00000  1.00000  0.06335  1.00000  1.00000  0.96808  0.18073
1.615299905e+00  0.00169  1.00000  1.00000  0.00996  1.00000  1.00000  0.96833  0.17138
1.618530505e+00  0.00024  1.00000  1.00000  0.00149  1.00000  1.00000  0.96858  0.16230
1.621767566e+00  0.00004  1.00000  1.00000  0.00027  1.00000  1.00000  0.96882  0.15360
1.625011101e+00  0.00001  1.00000  1.00000  0.00007  1.00000  1.00000  0.96907  0.14521
1.628261123e+00  0.00000  1.00000  1.00000  0.00002  1.00000  1.00000  0.96931  0.13707
1.631517645e+00  0.00000  1.00000  1.00000  0.00000  1.00000  1.00000  0.96955  0.12923
1.634780681e+00  0.00000  1.00000  1.00000  0.00000  1.00000  1.00000  0.96979  0.12168
1.638050242e+00  0.00000  1.00000  1.00000  0.00000  1.00000  1.00000  0.97003  0.11440
1.641326342e+00  0.00000  1.00000  1.00000  0.00000  1.00000  1.00000  0.97026  0.10744
1.644608995e+00  0.00000  1.00000  1.00000  0.00000  1.00000  1.00000  0.97049  0.10079
1.647898213e+00  0.00000  1.00000  1.00000  0.00000  1.00000  1.00000  0.97073  0.09442
1.651194009e+00  0.00000  1.00000  1.00000  0.00000  1.00000  1.00000  0.97096  0.08831
1.654496398e+00  0.00000  1.00000  1.00000  0.00000  1.00000  1.00000  0.97118  0.08248
1.657805390e+00  0.00000  1.00000  1.00000  0.00000  1.00000  1.00000  0.97141  0.07694
1.661121001e+00  0.00000  1.00000  1.00000  0.00000  1.00000  1.00000  0.97163  0.07169
1.664443243e+00  0.00000  1.00000  1.00000  0.00000  1.00000  1.00000  0.97186  0.06670
1.667772130e+00  0.00000  1.00000  1.00000  0.00000  1.00000  1.00000  0.97208  0.06200
1.671107674e+00  0.00000  1.00000  1.00000  0.00000  1.00000  1.00000  0.97230  0.05757
1.674449889e+00  0.00000  1.00000  1.00000  0.00000  1.00000  1.00000  0.97251  0.05341
1.677798789e+00  0.00000  1.00000  1.00000  0.00000  1.00000  1.00000  0.97273  0.04954
1.681154387e+00  0.00000  1.00000  1.00000  0.00000  1.00000  1.00000  0.97294  0.04594
1.684516695e+00  0.00000  1.00000  1.00000  0.00000  1.00000  1.00000  0.97316  0.04256
1.687885729e+00  0.00000  1.00000  1.00000  0.00000  1.00000  1.00000  0.97337  0.03940
1.691261500e+00  0.00000  1.00000  1.00000  0.00000  1.00000  1.00000  0.97358  0.03644
1.694644023e+00  0.00000  1.00000  1.00000  0.00000  1.00000  1.00000  0.97378  0.03363
1.698033311e+00  0.00000  1.00000  1.00000  0.00000  1.00000  1.00000  0.97399  0.03096
1.701429378e+00  0.00000  1.00000  1.00000  0.00000  1.00000  1.00000  0.97419  0.02844
1.704832237e+00  0.00000  1.00000  1.00000  0.00000  1.00000  1.00000  0.97440  0.02605
1.708241901e+00  0.00000  1.00000  1.00000  0.00000  1.00000  1.00000  0.97460  0.02381
1.711658385e+00  0.00000  1.00000  1.00000  0.00000  1.00000  0.99999  0.97480  0.02171
1.715081702e+00  0.00000  1.00000  1.00000  0.00000  1.00000  0.99999  0.97500  0.01975
1.718511865e+00  0.00000  1.00000  1.00000  0.00000  1.00000  1.00000  0.97519  0.01791
1.721948889e+00  0.00000  1.00000  1.00000  0.00000  1.00000  1.00000  0.97539  0.01622
1.725392787e+00  0.00000  1.00000  1.00000  0.00000  1.00000  1.00000  0.97558  0.01467
1.728843572e+00  0.00000  1.00000  1.00000  0.00000  1.00000  1.00000  0.97577  0.01327
1.732301259e+00  0.00000  1.00000  1.00000  0.00000  1.00000  1.00000  0.97596  0.01203
1.735765862e+00  0.00000  1.00000  1.00000  0.00000  1.00000  1.00000  0.97615  0.01093
1.739237394e+00  0.00000  1.00000  1.00000  0.00000  1.00000  1.00000  0.97634  0.00994
1.742715868e+00  0.00000  1.00000  1.00000  0.00000  1.00000  1.00000  0.97653  0.00907
1.746201300e+00  0.00000  1.00000  1.00000  0.00000  1.00000  1.00000  0.97671  0.00830
1.749693703e+00  0.00000  1.00000  1.00000  0.00000  1.00000  1.00000  0.97689  0.00761
1.753193090e+00  0.00000  1.00000  1.00000  0.00000  1.00000  1.00000  0.97708  0.00697
1.756699476e+00  0.00000  1.00000  1.00000  0.00000  1.00000  1.00000  0.97726  0.00638
1.760212875e+00  0.00000  1.00000  1.00000  0.00000  1.00000  1.00000  0.97743  0.00582
1.763733301e+00  0.00000  1.00000  1.00000  0.00000  1.00000  1.00000  0.97761  0.00528
1.767260768e+00  0.00000  1.00000  1.00000  0.00000  1.00000  1.00000  0.97779  0.00477
1.770795289e+00  0.00000  1.00000  1.00000  0.00000  1.00000  1.00000  0.97796  0.00429
1.774336880e+00  0.00000  1.00000  1.00000  0.00000  1.00000  1.00000  0.97814  0.00384
1.777885553e+00  0.00000  1.00000  1.00000  0.00000  1.00000  1.00000  0.97831  0.00342
1.781441325e+00  0.00000  1.00000  1.00000  0.00000  1.00000  1.00000  0.97848  0.00303
1.785004207e+00  0.00000  1.00000  1.00000  0.00000  1.00000  1.00000  0.97865  0.00267
1.788574216e+00  0.00000  1.00000  1.00000  0.00000  1.00000  1.00000  0.97882  0.00235
1.792151364e+00  0.00000  1.00000  1.00000  0.00000  1.00000  1.00000  0.97898  0.00206
1.795735667e+00  0.00000  1.00000  1.00000  0.00000  1.00000  1.00000  0.97915  0.00181
1.799327138e+00  0.00000  1.00000  1.00000  0.00000  1.00000  1.00000  0.97931  0.00159
1.802925792e+00  0.00000  1.00000  1.00000  0.00000  1.00000  1.00000  0.97948  0.00140
1.806531644e+00  0.00000  1.00000  1.00000  0.00000  1.00000  1.00000  0.97964  0.00124
1.810144707e+00  0.00000  1.00000  1.00000  0.00000  1.00000  1.00000  0.97980  0.00110
1.813764997e+00  0.00000  1.00000  1.00000  0.00000  1.00000  1.00000  0.97996  0.00098
1.817392527e+00  0.00000  1.00000  1.00000  0.00000  1.00000  1.00000  0.98012  0.00087
1.821027312e+00  0.00000  1.00000  1.00000  0.00000  1.00000  1.00000  0.98027  0.00078
1.824669366e+00  0.00000  1.00000  1.00000  0.00001  1.00000  1.00000  0.98043  0.00069
1.828318705e+00  0.00000  1.00000  1.00000  0.00001  1.00000  1.00000  0.98058  0.00061
1.831975342e+00  0.00000  1.00000  1.00000  0.00001  1.00000  1.00000  0.98074  0.00054
1.835639293e+00  0.00000  0.99993  1.00000  0.00001  1.00000  1.00000  0.98089  0.00047
1.839310572e+00  0.00000  0.99967  1.00000  0.00000  1.00000  1.00000  0.98104  0.00041
1.842989193e+00  0.00000  0.99975  1.00000  0.00000  1.00000  1.00000  0.98119  0.00036
1.846675171e+00  0.00000  1.00000  1.00000  0.00000  1.00000  1.00000  0.98134  0.00031
1.850368522e+00  0.00000  1.00000  1.00000  0.00000  1.00000  1.00000  0.98148  0.00026
1.854069259e+00  0.00000  1.00000  1.00000  0.00000  1.00000  1.00000  0.98163  0.00022
1.857777397e+00  0.00000  1.00000  1.00000  0.00001  1.00000  1.00000  0.98177  0.00019
1.861492952e+00  0.00000  1.00000  1.00000  0.00001  1.00000  1.00000  0.98192  0.00016
1.865215938e+00  0.00000  1.00000  1.00000  0.00003  1.00000  1.00000  0.98206  0.00014
1.868946370e+00  0.00000  1.00000  1.00000  0.00010  1.00000  1.00000  0.98220  0.00012
1.872684262e+00  0.00000  1.00000  1.00000  0.00019  1.00000  1.00000  0.98234  0.00010
1.876429631e+00  0.00000  1.00000  1.00000  0.00042  1.00000  1.00000  0.98248  0.00009
1.880182490e+00  0.00000  1.00000  1.00000  0.00096  1.00000  1.00000  0.98262  0.00008
1.883942855e+00  0.00000  1.00000  1.00000  0.00117  1.00000  1.00000  0.98276  0.00007
1.887710741e+00  0.00000  0.99998  1.00000  0.00162  1.00000  1.00000  0.98289  0.00006
1.891486162e+00  0.00000  0.99973  1.00000  0.00234  1.00000  0.99999  0.98303  0.00005
1.895269135e+00  0.00000  0.99686  1.00000  0.00317  1.00000  0.99999  0.98316  0.00005
1.899059673e+00  0.00000  0.99732  1.00000  0.00312  1.00000  0.99999  0.98329  0.00004
1.902857792e+00  0.00000  0.99997  1.00000  0.00208  1.00000  0.99999  0.98343  0.00004
1.906663508e+00  0.00000  0.99999  1.00000  0.00128  1.00000  0.99999  0.98356  0.00003
1.910476835e+00  0.00000  1.00000  1.00000  0.00069  1.00000  0.99999  0.98369  0.00003
1.914297789e+00  0.00000  1.00000  1.00000  0.00034  1.00000  0.99999  0.98382  0.00003
1.918126384e+00  0.00000  1.00000  1.00000  0.00030  1.00000  1.00000  0.98394  0.00002
1.921962637e+00  0.00000  1.00000  1.00000  0.00040  1.00000  1.00000  0.98407  0.00002
1.925806562e+00  0.00000  1.00000  1.00000  0.00026  1.00000  1.00000  0.98420  0.00002
1.929658175e+00  0.00000  1.00000  1.00000  0.00034  1.00000  1.00000  0.98432  0.00002
1.933517492e+00  0.00000  1.00000  1.00000  0.00063  1.00000  1.00000  0.98445  0.00001
1.937384527e+00  0.00000  1.00000  1.00000  0.00157  1.00000  1.00000  0.98457  0.00001
1.941259296e+00  0.00000  1.00000  1.00000  0.00248  1.00000  1.00000  0.98469  0.00001
1.945141814e+00  0.00000  1.00000  1.00000  0.00316  1.00000  1.00000  0.98481  0.00001
1.949032098e+00  0.00000  0.99990  1.00000  0.00194  1.00000  1.00000  0.98493  0.00001
1.952930162e+00  0.00000  0.99922  1.00000  0.00330  1.00000  1.00000  0.98505  0.00001
1.956836022e+00  0.00000  0.99221  1.00000  0.00426  1.00000  1.00000  0.98517  0.00001
1.960749695e+00  0.00000  0.91179  1.00000  0.00610  1.00000  1.00000  0.98529  0.00001
1.964671194e+00  0.00000  0.92426  1.00000  0.00612  1.00000  1.00000  0.98540  0.00001
1.968600536e+00  0.00000  0.99850  1.00000  0.00438  1.00000  1.00000  0.98552  0.00001
1.972537737e+00  0.00000  0.99971  1.00000  0.01340  1.00000  1.00000  0.98563  0.00000
1.976482813e+00  0.00000  1.00000  1.00000  0.02004  1.00000  1.00000  0.98574  0.00000
1.980435778e+00  0.00000  1.00000  1.00000  0.03523  1.00000  1.00000  0.98586  0.00000
1.984396650e+00  0.00000  1.00000  1.00000  0.03023  1.00000  1.00000  0.98597  0.00000
1.988365443e+00  0.00000  1.00000  1.00000  0.06111  1.00000  1.00000  0.98608  0.00000
1.992342174e+00  0.00000  1.00000  1.00000  0.08568  1.00000  1.00000  0.98619  0.00000
1.996326859e+00  0.00000  1.00000  1.00000  0.17817  1.00000  1.00000  0.98630  0.00000
2.000319512e+00  0.00000  1.00000  1.00000  0.15916  1.00000  1.00000  0.98641  0.00000
2.004320151e+00  0.00000  1.00000  1.00000  0.21378  1.00000  1.00000  0.98652  0.00000
2.008328792e+00  0.00000  1.00000  1.00000  0.24378  1.00000  1.00000  0.98662  0.00000
2.012345449e+00  0.00000  1.00000  1.00000  0.27705  1.00000  1.00000  0.98673  0.00000
2.016370140e+00  0.00000  1.00000  1.00000  0.30290  1.00000  1.00000  0.98683  0.00000
2.020402880e+00  0.00000  1.00000  1.00000  0.26110  1.00000  1.00000  0.98694  0.00000
2.024443686e+00  0.00000  0.99983  1.00000  0.31881  1.00000  1.00000  0.98704  0.00000
2.028492574e+00  0.00000  0.99836  1.00000  0.40754  1.00000  1.00000  0.98714  0.00000
2.032549559e+00  0.00000  0.98806  1.00000  0.45454  1.00000  1.00000  0.98724  0.00000
2.036614658e+00  0.00000  0.84919  1.00000  0.48896  1.00000  1.00000  0.98734  0.00000
2.040687887e+00  0.00000  0.86733  1.00000  0.61718  1.00000  1.00000  0.98745  0.00000
2.044769263e+00  0.00000  0.99535  1.00000  0.68046  1.00000  1.00000  0.98754  0.00000
2.048858801e+00  0.00000  0.99909  1.00000  0.64780  1.00000  1.00000  0.98764  0.00000
2.052956519e+00  0.00000  1.00000  1.00000  0.72891  1.00000  1.00000  0.98774  0.00000
2.057062432e+00  0.00000  1.00000  1.00000  0.81183  1.00000  1.00000  0.98784  0.00000
2.061176557e+00  0.00000  1.00000  1.00000  0.82363  1.00000  1.00000  0.98793  0.00000
2.065298910e+00  0.00000  1.00000  1.00000  0.84505  1.00000  1.00000  0.98803  0.00000
2.069429508e+00  0.00000  1.00000  1.00000  0.85179  1.00000  1.00000  0.98812  0.00000
2.073568367e+00  0.00000  1.00000  1.00000  0.83178  1.00000  1.00000  0.98822  0.00000
2.077715504e+00  0.00000  1.00000  1.00000  0.79525  1.00000  1.00000  0.98831  0.00000
2.081870935e+00  0.00000  1.00000  1.00000  0.78418  1.00000  1.00000  0.98840  0.00000
2.086034676e+00  0.00000  1.00000  1.00000  0.72503  1.00000  1.00000  0.98850  0.00000
2.090206746e+00  0.00000  1.00000  1.00000  0.72396  1.00000  1.00000  0.98859  0.00000
2.094387159e+00  0.00000  1.00000  1.00000  0.67462  1.00000  1.00000  0.98868  0.00000
2.098575934e+00  0.00000  1.00000  1.00000  0.60469  1.00000  1.00000  0.98877  0.00000
2.102773085e+00  0.00000  1.00000  1.00000  0.52356  1.00000  1.00000  0.98886  0.00000
2.106978632e+00  0.00000  1.00000  1.00000  0.42115  1.00000  0.99999  0.98894  0.00000
2.111192589e+00  0.00000  0.99908  1.00000  0.35591  1.00000  0.99998  0.98903  0.00000
2.115414974e+00  0.00000  0.98714  1.00000  0.20860  1.00000  0.99998  0.98912  0.00000
2.119645804e+00  0.00000  0.93585  1.00000  0.09888  1.00000  0.99999  0.98920  0.00000
2.123885096e+00  0.00000  0.58050  1.00000  0.05892  1.00000  0.99999  0.98929  0.00000
2.128132866e+00  0.00000  0.59732  1.00000  0.02572  1.00000  0.99997  0.98937  0.00000
2.132389132e+00  0.00000  0.92803  1.00000  0.00872  1.00000  0.99995  0.98946  0.00000
2.136653910e+00  0.00000  0.98514  1.00000  0.00331  1.00000  0.99994  0.98954  0.00000
2.140927218e+00  0.00000  0.99739  1.00000  0.00389  1.00000  0.99996  0.98962  0.00000
2.145209072e+00  0.00000  1.00000  1.00000  0.00280  1.00000  0.99997  0.98971  0.00000
2.149499490e+00  0.00000  1.00000  1.00000  0.00034  1.00000  0.99996  0.98979  0.00000
2.153798489e+00  0.00000  1.00000  1.00000  0.00009  1.00000  0.99997  0.98987  0.00000
2.158106086e+00  0.00000  1.00000  1.00000  0.00002  1.00000  0.99998  0.98995  0.00000
2.162422298e+00  0.00000  1.00000  1.00000  0.00001  1.00000  0.99999  0.99003  0.00000
2.166747143e+00  0.00000  1.00000  1.00000  0.00001  1.00000  1.00000  0.99011  0.00000
2.171080637e+00  0.00000  1.00000  1.00000  0.00000  1.00000  1.00000  0.99019  0.00000
2.175422799e+00  0.00000  1.00000  1.00000  0.00000  1.00000  1.00000  0.99026  0.00000
2.179773644e+00  0.00000  1.00000  1.00000  0.00000  1.00000  1.00000  0.99034  0.00000
2.184133191e+00  0.00000  1.00000  1.00000  0.00000  1.00000  1.00000  0.99042  0.00000
2.188501458e+00  0.00000  1.00000  1.00000  0.00000  1.00000  1.00000  0.99049  0.00000
2.192878461e+00  0.00000  1.00000  1.00000  0.00000  1.00000  1.00000  0.99057  0.00000
2.197264218e+00  0.00000  1.00000  1.00000  0.00000  1.00000  1.00000  0.99064  0.00000
2.201658746e+00  0.00000  1.00000  1.00000  0.00000  1.00000  1.00000  0.99072  0.00000
2.206062064e+00  0.00000  1.00000  1.00000  0.00000  1.00000  0.99999  0.99079  0.00000
2.210474188e+00  0.00000  1.00000  1.00000  0.00000  1.00000  0.99998  0.99086  0.00000
2.214895136e+00  0.00000  0.99645  1.00000  0.00000  1.00000  0.99997  0.99094  0.00000
2.219324926e+00  0.00000  0.98477  1.00000  0.00000  1.00000  0.99997  0.99101  0.00000
2.223763576e+00  0.00000  0.78478  1.00000  0.00000  1.00000  0.99996  0.99108  0.00000
2.228211103e+00  0.00000  0.69166  1.00000  0.00000  1.00000  0.99996  0.99115  0.00000
2.232667526e+00  0.00000  0.87924  1.00000  0.00000  1.00000  0.99997  0.99122  0.00000
2.237132861e+00  0.00000  0.98853  1.00000  0.00000  1.00000  0.99997  0.99129  0.00000
2.241607126e+00  0.00000  0.99738  1.00000  0.00000  1.00000  0.99997  0.99136  0.00000
2.246090341e+00  0.00000  1.00000  1.00000  0.00000  1.00000  0.99999  0.99143  0.00000
2.250582521e+00  0.00000  1.00000  1.00000  0.00000  1.00000  0.99999  0.99150  0.00000
2.255083686e+00  0.00000  1.00000  1.00000  0.00000  1.00000  1.00000  0.99156  0.00000
2.259593854e+00  0.00000  1.00000  1.00000  0.00000  1.00000  1.00000  0.99163  0.00000
2.264113041e+00  0.00000  1.00000  1.00000  0.00000  1.00000  1.00000  0.99170  0.00000
2.268641267e+00  0.00000  1.00000  1.00000  0.00000  1.00000  1.00000  0.99176  0.00000
2.273178550e+00  0.00000  1.00000  1.00000  0.00000  1.00000  1.00000  0.99183  0.00000
2.277724907e+00  0.00000  1.00000  1.00000  0.00000  1.00000  1.00000  0.99189  0.00000
2.282280357e+00  0.00000  1.00000  1.00000  0.00000  1.00000  1.00000  0.99196  0.00000
2.286844918e+00  0.00000  1.00000  1.00000  0.00000  1.00000  1.00000  0.99202  0.00000
2.291418607e+00  0.00000  1.00000  1.00000  0.00000  1.00000  1.00000  0.99208  0.00000
2.296001445e+00  0.00000  0.99995  1.00000  0.00000  1.00000  1.00000  0.99215  0.00000
2.300593448e+00  0.00000  0.99995  1.00000  0.00000  1.00000  1.00000  0.99221  0.00000
2.305194634e+00  0.00000  1.00000  1.00000  0.00000  1.00000  1.00000  0.99227  0.00000
2.309805024e+00  0.00000  1.00000  1.00000  0.00000  1.00000  1.00000  0.99233  0.00000
2.314424634e+00  0.00000  1.00000  1.00000  0.00000  1.00000  1.00000  0.99239  0.00000
2.319053483e+00  0.00000  1.00000  1.00000  0.00000  1.00000  1.00000  0.99245  0.00000
2.323691590e+00  0.00000  1.00000  1.00000  0.00000  1.00000  1.00000  0.99251  0.00000
2.328338973e+00  0.00000  1.00000  1.00000  0.00000  1.00000  1.00000  0.99257  0.00000
2.332995651e+00  0.00000  1.00000  1.00000  0.00000  1.00000  1.00000  0.99263  0.00000
2.337661642e+00  0.00000  1.00000  1.00000  0.00000  1.00000  1.00000  0.99269  0.00000
2.342336966e+00  0.00000  1.00000  1.00000  0.00000  1.00000  1.00000  0.99275  0.00000
2.347021640e+00  0.00000  1.00000  1.00000  0.00000  1.00000  1.00000  0.99280  0.00000
2.351715683e+00  0.00000  1.00000  1.00000  0.00000  1.00000  1.00000  0.99286  0.00000
2.356419114e+00  0.00000  1.00000  1.00000  0.00000  1.00000  1.00000  0.99292  0.00000
2.361131953e+00  0.00000  1.00000  1.00000  0.00000  1.00000  1.00000  0.99297  0.00000
2.365854216e+00  0.00000  1.00000  1.00000  0.00000  1.00000  1.00000  0.99303  0.00000
2.370585925e+00  0.00000  1.00000  1.00000  0.00000  1.00000  1.00000  0.99309  0.00000
2.375327097e+00  0.00000  0.99993  1.00000  0.00000  1.00000  1.00000  0.99314  0.00000
2.380077751e+00  0.00000  0.99978  1.00000  0.00000  1.00000  1.00000  0.99319  0.00000
2.384837906e+00  0.00000  0.99986  1.00000  0.00000  1.00000  1.00000  0.99325  0.00000
2.389607582e+00  0.00000  1.00000  1.00000  0.00000  1.00000  1.00000  0.99330  0.00000
2.394386797e+00  0.00000  0.99715  1.00000  0.00000  1.00000  1.00000  0.99336  0.00000
2.399175571e+00  0.00000  0.98709  1.00000  0.00000  1.00000  1.00000  0.99341  0.00000
2.403973922e+00  0.00000  0.94589  1.00000  0.00000  1.00000  0.99999  0.99346  0.00000
2.408781870e+00  0.00000  0.60377  1.00000  0.00000  1.00000  0.99999  0.99351  0.00000
2.413599434e+00  0.00000  0.54514  1.00000  0.00000  1.00000  0.99998  0.99356  0.00000
2.418426633e+00  0.00000  0.80711  1.00000  0.00000  1.00000  0.99994  0.99361  0.00000
2.423263486e+00  0.00000  0.91491  1.00000  0.00000  1.00000  0.99988  0.99367  0.00000
2.428110013e+00  0.00000  0.91361  1.00000  0.00000  1.00000  0.99977  0.99372  0.00000
2.432966233e+00  0.00000  0.93503  1.00000  0.00000  1.00000  0.99930  0.99377  0.00000
2.437832165e+00  0.00000  0.99637  1.00000  0.00000  1.00000  0.99860  0.99382  0.00000
2.442707830e+00  0.00000  0.99686  1.00000  0.00000  1.00000  0.99848  0.99386  0.00000
2.447593245e+00  0.00000  0.99924  1.00000  0.00000  1.00000  0.99543  0.99391  0.00000
2.452488432e+00  0.00000  0.99996  1.00000  0.00000  1.00000  0.99592  0.99396  0.00000
2.457393409e+00  0.00000  0.99961  1.00000  0.00000  1.00000  0.99909  0.99401  0.00000
2.462308195e+00  0.00000  0.99948  1.00000  0.00000  1.00000  0.99911  0.99406  0.00000
2.467232812e+00  0.00000  0.99979  1.00000  0.00000  1.00000  0.99940  0.99410  0.00000
2.472167277e+00  0.00000  0.99941  1.00000  0.00000  1.00000  0.99980  0.99415  0.00000
2.477111612e+00  0.00000  0.99950  1.00000  0.00000  1.00000  0.99993  0.99420  0.00000
2.482065835e+00  0.00000  0.99999  1.00000  0.00001  1.00000  0.99997  0.99424  0.00000
2.487029967e+00  0.00000  0.99999  1.00000  0.00000  1.00000  1.00000  0.99429  0.00000
2.492004027e+00  0.00000  0.99995  1.00000  0.00000  1.00000  1.00000  0.99433  0.00000
2.496988035e+00  0.00000  0.99826  1.00000  0.00001  1.00000  1.00000  0.99438  0.00000
2.501982011e+00  0.00000  0.99841  1.00000  0.00001  1.00000  1.00000  0.99442  0.00000
2.506985975e+00  0.00000  0.99996  1.00000  0.00001  1.00000  1.00000  0.99447  0.00000
2.511999947e+00  0.00000  0.99999  1.00000  0.00001  1.00000  1.00000  0.99451  0.00000
2.517023947e+00  0.00000  1.00000  1.00000  0.00000  1.00000  1.00000  0.99456  0.00000
2.522057995e+00  0.00000  0.99999  1.00000  0.00000  1.00000  1.00000  0.99460  0.00000
2.527102111e+00  0.00000  0.99994  1.00000  0.00000  1.00000  1.00000  0.99464  0.00000
2.532156315e+00  0.00000  0.99978  1.00000  0.00000  1.00000  1.00000  0.99468  0.00001
2.537220628e+00  0.00000  0.98957  1.00000  0.00000  1.00000  0.99999  0.99473  0.00001
2.542295069e+00  0.00000  0.99034  1.00000  0.00000  1.00000  0.99998  0.99477  0.00001
2.547379659e+00  0.00000  0.99967  1.00000  0.00000  1.00000  0.99990  0.99481  0.00001
2.552474418e+00  0.00000  0.99993  1.00000  0.00000  1.00000  0.99974  0.99485  0.00001
2.557579367e+00  0.00000  0.99998  1.00000  0.00000  1.00000  0.99936  0.99489  0.00001
2.562694526e+00  0.00000  1.00000  1.00000  0.00000  1.00000  0.99911  0.99493  0.00001
2.567819915e+00  0.00000  0.99994  1.00000  0.00000  1.00000  0.99743  0.99497  0.00002
2.572955555e+00  0.00000  0.99918  1.00000  0.00000  1.00000  0.99764  0.99501  0.00002
2.578101466e+00  0.00000  0.99861  1.00000  0.00000  1.00000  0.99731  0.99505  0.00002
2.583257669e+00  0.00000  0.96548  1.00000  0.00000  1.00000  0.99757  0.99509  0.00002
2.588424184e+00  0.00000  0.96803  1.00000  0.00000  1.00000  0.99927  0.99513  0.00003
2.593601033e+00  0.00000  0.99884  1.00000  0.00000  1.00000  0.99936  0.99517  0.00003
2.598788235e+00  0.00000  0.99977  1.00000  0.00000  1.00000  0.99962  0.99521  0.00003
2.603985811e+00  0.00000  0.99994  1.00000  0.00000  1.00000  0.99979  0.99525  0.00004
2.609193783e+00  0.00000  1.00000  1.00000  0.00000  1.00000  0.99992  0.99528  0.00004
2.614412170e+00  0.00000  0.99966  1.00000  0.00000  1.00000  0.99997  0.99532  0.00004
2.619640995e+00  0.00000  0.99867  1.00000  0.00000  1.00000  0.99999  0.99536  0.00005
2.624880277e+00  0.00000  0.99351  1.00000  0.00001  1.00000  1.00000  0.99539  0.00005
2.630130037e+00  0.00000  0.88537  1.00000  0.00002  1.00000  1.00000  0.99543  0.00006
2.635390297e+00  0.00000  0.83916  1.00000  0.00006  1.00000  1.00000  0.99547  0.00007
2.640661078e+00  0.00000  0.94220  1.00000  0.00016  1.00000  1.00000  0.99550  0.00008
2.645942400e+00  0.00000  0.99739  1.00000  0.00033  1.00000  1.00000  0.99554  0.00009
2.651234285e+00  0.00000  0.99936  1.00000  0.00129  1.00000  1.00000  0.99557  0.00011
2.656536753e+00  0.00000  0.99990  1.00000  0.00118  1.00000  1.00000  0.99561  0.00014
2.661849827e+00  0.00000  1.00000  1.00000  0.00340  1.00000  1.00000  0.99564  0.00017
2.667173526e+00  0.00000  1.00000  1.00000  0.00438  1.00000  1.00000  0.99568  0.00020
2.672507874e+00  0.00000  0.99998  1.00000  0.00963  1.00000  1.00000  0.99571  0.00024
2.677852889e+00  0.00000  0.99987  1.00000  0.01366  1.00000  1.00000  0.99575  0.00029
2.683208595e+00  0.00001  0.99960  1.00000  0.01731  1.00000  1.00000  0.99578  0.00035
2.688575012e+00  0.00001  0.99731  1.00000  0.01337  1.00000  1.00000  0.99581  0.00041
2.693952162e+00  0.00000  0.94866  1.00000  0.00782  1.00000  1.00000  0.99585  0.00048
2.699340067e+00  0.00002  0.95450  1.00000  0.02991  1.00000  1.00000  0.99588  0.00055
2.704738747e+00  0.00003  0.99917  1.00000  0.04144  1.00000  1.00000  0.99591  0.00062
2.710148224e+00  0.00003  0.99976  1.00000  0.04895  1.00000  1.00000  0.99595  0.00069
2.715568521e+00  0.00004  0.99994  1.00000  0.05355  1.00000  1.00000  0.99598  0.00075
2.720999658e+00  0.00006  1.00000  1.00000  0.06990  1.00000  1.00000  0.99601  0.00080
2.726441657e+00  0.00009  1.00000  1.00000  0.11037  1.00000  1.00000  0.99604  0.00085
2.731894540e+00  0.00008  1.00000  1.00000  0.09393  1.00000  1.00000  0.99607  0.00088
2.737358329e+00  0.00006  1.00000  1.00000  0.06334  1.00000  1.00000  0.99610  0.00090
2.742833046e+00  0.00013  1.00000  1.00000  0.14312  1.00000  1.00000  0.99614  0.00091
2.748318712e+00  0.00025  1.00000  1.00000  0.28268  1.00000  1.00000  0.99617  0.00090
2.753815350e+00  0.00017  0.99999  1.00000  0.18757  1.00000  1.00000  0.99620  0.00089
2.759322980e+00  0.00013  0.99956  1.00000  0.15062  1.00000  1.00000  0.99623  0.00088
2.764841626e+00  0.00027  0.99945  1.00000  0.31830  1.00000  1.00000  0.99626  0.00086
2.770371309e+00  0.00021  0.99985  1.00000  0.24440  1.00000  1.00000  0.99629  0.00084
2.775912052e+00  0.00011  0.99996  1.00000  0.13364  1.00000  1.00000  0.99632  0.00084
2.781463876e+00  0.00027  0.99997  1.00000  0.32167  1.00000  1.00000  0.99635  0.00084
2.787026804e+00  0.00036  0.99982  1.00000  0.41752  1.00000  1.00000  0.99637  0.00086
2.792600858e+00  0.00024  0.99942  1.00000  0.27613  1.00000  1.00000  0.99640  0.00090
2.798186059e+00  0.00016  0.99815  1.00000  0.16696  1.00000  1.00000  0.99643  0.00095
2.803782431e+00  0.00013  0.92267  1.00000  0.13420  1.00000  1.00000  0.99646  0.00102
2.809389996e+00  0.00012  0.92220  1.00000  0.11699  1.00000  1.00000  0.99649  0.00112
2.815008776e+00  0.00009  0.99130  1.00000  0.07734  1.00000  1.00000  0.99652  0.00125
2.820638794e+00  0.00007  0.99810  1.00000  0.04628  1.00000  1.00000  0.99654  0.00145
2.826280071e+00  0.00012  0.97672  1.00000  0.06888  1.00000  1.00000  0.99657  0.00171
2.831932632e+00  0.00024  0.97932  1.00000  0.11505  1.00000  1.00000  0.99660  0.00204
2.837596497e+00  0.00039  0.99960  1.00000  0.15735  1.00000  1.00000  0.99663  0.00245
2.843271690e+00  0.00073  0.99988  1.00000  0.24025  1.00000  1.00000  0.99665  0.00298
2.848958233e+00  0.00135  0.99996  1.00000  0.36620  1.00000  1.00000  0.99668  0.00364
2.854656150e+00  0.00189  1.00000  1.00000  0.42612  1.00000  1.00000  0.99671  0.00444
2.860365462e+00  0.00117  1.00000  1.00000  0.23428  1.00000  1.00000  0.99673  0.00543
2.866086193e+00  0.00032  1.00000  1.00000  0.04917  1.00000  1.00000  0.99676  0.00660
2.871818365e+00  0.00105  1.00000  1.00000  0.12389  1.00000  1.00000  0.99678  0.00799
2.877562002e+00  0.00296  1.00000  1.00000  0.29942  1.00000  1.00000  0.99681  0.00964
2.883317126e+00  0.00434  0.99998  1.00000  0.37554  1.00000  1.00000  0.99683  0.01162
2.889083760e+00  0.00421  0.99993  1.00000  0.30787  1.00000  1.00000  0.99686  0.01395
2.894861928e+00  0.00384  0.99974  1.00000  0.23360  1.00000  1.00000  0.99688  0.01662
2.900651652e+00  0.00372  0.98860  1.00000  0.19142  1.00000  1.00000  0.99691  0.01970
2.906452955e+00  0.00518  0.98943  1.00000  0.22025  1.00000  1.00000  0.99693  0.02323
2.912265861e+00  0.00712  0.99962  1.00000  0.26229  1.00000  1.00000  0.99696  0.02726
2.918090393e+00  0.00716  0.99992  1.00000  0.22799  1.00000  1.00000  0.99698  0.03182
2.923926573e+00  0.00825  0.99997  1.00000  0.22208  1.00000  1.00000  0.99701  0.03698
2.929774426e+00  0.01298  0.99999  1.00000  0.30089  1.00000  1.00000  0.99703  0.04272
2.935633975e+00  0.01484  1.00000  1.00000  0.30630  1.00000  1.00000  0.99705  0.04908
2.941505243e+00  0.01379  1.00000  1.00000  0.24693  1.00000  1.00000  0.99708  0.05625
2.947388254e+00  0.01618  1.00000  1.00000  0.25125  1.00000  1.00000  0.99710  0.06429
2.953283030e+00  0.01661  1.00000  1.00000  0.22997  1.00000  1.00000  0.99712  0.07317
2.959189596e+00  0.01505  1.00000  1.00000  0.18265  1.00000  1.00000  0.99715  0.08297
2.965107976e+00  0.01623  0.99999  1.00000  0.17351  1.00000  1.00000  0.99717  0.09373
2.971038191e+00  0.01743  0.99997  1.00000  0.16652  1.00000  1.00000  0.99719  0.10528
2.976980268e+00  0.02369  0.99983  1.00000  0.19986  1.00000  1.00000  0.99721  0.11761
2.982934228e+00  0.03257  0.99737  1.00000  0.24894  1.00000  0.99998  0.99724  0.13101
2.988900097e+00  0.03655  0.99764  1.00000  0.25243  1.00000  0.99980  0.99726  0.14552
2.994877897e+00  0.02638  0.99988  1.00000  0.16805  1.00000  0.99890  0.99728  0.16090
3.000867653e+00  0.01653  0.99988  1.00000  0.09371  1.00000  0.99728  0.99730  0.17722
3.006869388e+00  0.03504  0.99672  1.00000  0.17720  1.00000  0.99332  0.99732  0.19478
3.012883127e+00  0.04721  0.99699  1.00000  0.22397  1.00000  0.98779  0.99734  0.21334
3.018908893e+00  0.05172  0.99989  1.00000  0.22259  1.00000  0.97807  0.99736  0.23274
3.024946711e+00  0.05739  0.99997  1.00000  0.22991  1.00000  0.96855  0.99739  0.25284
3.030996604e+00  0.05417  0.99999  1.00000  0.20153  1.00000  0.95924  0.99741  0.27343
3.037058598e+00  0.05260  1.00000  1.00000  0.18140  1.00000  0.96296  0.99743  0.29492
3.043132715e+00  0.05240  1.00000  1.00000  0.16796  1.00000  0.96419  0.99745  0.31729
3.049218980e+00  0.04591  1.00000  1.00000  0.13803  1.00000  0.96760  0.99747  0.33987
3.055317418e+00  0.03595  1.00000  1.00000  0.10108  1.00000  0.96804  0.99749  0.36246
3.061428053e+00  0.02754  1.00000  1.00000  0.07303  1.00000  0.96454  0.99751  0.38502
3.067550909e+00  0.01787  0.99998  1.00000  0.04471  1.00000  0.96964  0.99753  0.40741
3.073686011e+00  0.02288  0.99969  1.00000  0.05317  1.00000  0.97808  0.99755  0.42949
3.079833383e+00  0.01775  0.99973  1.00000  0.04030  1.00000  0.98730  0.99757  0.45116
3.085993050e+00  0.01508  0.99999  1.00000  0.03158  1.00000  0.99127  0.99759  0.47245
3.092165036e+00  0.01582  1.00000  1.00000  0.03253  1.00000  0.99557  0.99761  0.49342
3.098349366e+00  0.00592  1.00000  1.00000  0.01162  1.00000  0.99837  0.99762  0.51423
3.104546065e+00  0.00557  1.00000  1.00000  0.01039  1.00000  0.99931  0.99764  0.53470
3.110755157e+00  0.00402  1.00000  1.00000  0.00737  1.00000  0.99978  0.99766  0.55428
3.116976667e+00  0.00115  1.00000  1.00000  0.00202  1.00000  0.99991  0.99768  0.57308
3.123210620e+00  0.00072  1.00000  1.00000  0.00123  1.00000  0.99999  0.99770  0.59108
3.129457042e+00  0.00028  1.00000  1.00000  0.00047  1.00000  1.00000  0.99772  0.60808
3.135715956e+00  0.00012  1.00000  1.00000  0.00020  1.00000  1.00000  0.99774  0.62419
3.141987388e+00  0.00013  0.99996  1.00000  0.00020  1.00000  1.00000  0.99775  0.63956
3.148271362e+00  0.00008  0.99997  1.00000  0.00013  1.00000  1.00000  0.99777  0.65419
3.154567905e+00  0.00002  1.00000  1.00000  0.00003  1.00000  1.00000  0.99779  0.66787
3.160877041e+00  0.00001  1.00000  1.00000  0.00002  1.00000  1.00000  0.99781  0.68065
3.167198795e+00  0.00000  0.99998  1.00000  0.00001  1.00000  1.00000  0.99782  0.69269
3.173533193e+00  0.00000  0.99998  1.00000  0.00001  1.00000  1.00000  0.99784  0.70399
3.179880259e+00  0.00000  1.00000  1.00000  0.00000  1.00000  1.00000  0.99786  0.71434
3.186240020e+00  0.00000  1.00000  1.00000  0.00000  1.00000  1.00000  0.99788  0.72369
3.192612500e+00  0.00000  1.00000  1.00000  0.00000  1.00000  1.00000  0.99789  0.73225
3.198997725e+00  0.00000  1.00000  1.00000  0.00000  1.00000  1.00000  0.99791  0.74012
3.205395720e+00  0.00000  1.00000  1.00000  0.00000  1.00000  1.00000  0.99793  0.74732
3.211806511e+00  0.00000  1.00000  1.00000  0.00000  1.00000  1.00000  0.99794  0.75384
3.218230124e+00  0.00000  1.00000  1.00000  0.00000  1.00000  1.00000  0.99796  0.75970
3.224666585e+00  0.00000  1.00000  1.00000  0.00000  1.00000  1.00000  0.99797  0.76478
3.231115918e+00  0.00000  0.99999  1.00000  0.00000  1.00000  1.00000  0.99799  0.76883
3.237578150e+00  0.00000  0.99957  1.00000  0.00000  1.00000  1.00000  0.99801  0.77211
3.244053306e+00  0.00000  0.99960  1.00000  0.00000  1.00000  1.00000  0.99802  0.77492
3.250541413e+00  0.00000  0.99998  1.00000  0.00000  1.00000  1.00000  0.99804  0.77725
3.257042495e+00  0.00000  0.99999  1.00000  0.00000  1.00000  1.00000  0.99805  0.77918
3.263556580e+00  0.00000  1.00000  1.00000  0.00000  1.00000  1.00000  0.99807  0.78073
3.270083694e+00  0.00000  1.00000  1.00000  0.00000  1.00000  1.00000  0.99808  0.78192
3.276623861e+00  0.00000  1.00000  1.00000  0.00000  1.00000  1.00000  0.99810  0.78280
3.283177109e+00  0.00000  1.00000  1.00000  0.00000  1.00000  1.00000  0.99812  0.78336
3.289743463e+00  0.00000  1.00000  1.00000  0.00000  1.00000  1.00000  0.99813  0.78360
3.296322950e+00  0.00000  1.00000  1.00000  0.00000  1.00000  1.00000  0.99815  0.78354
3.302915596e+00  0.00000  1.00000  1.00000  0.00000  1.00000  1.00000  0.99816  0.78322
3.309521427e+00  0.00000  1.00000  1.00000  0.00000  0.99961  1.00000  0.99817  0.78263
3.316140470e+00  0.00000  1.00000  1.00000  0.00000  0.99805  1.00000  0.99819  0.78181
3.322772751e+00  0.00000  1.00000  1.00000  0.00000  0.99404  1.00000  0.99820  0.78078
3.329418296e+00  0.00000  0.99999  1.00000  0.00000  0.98131  1.00000  0.99822  0.77953
3.336077133e+00  0.00000  0.99999  1.00000  0.00000  0.78752  1.00000  0.99823  0.77809
3.342749287e+00  0.00000  1.00000  1.00000  0.00000  0.47080  1.00000  0.99825  0.77645
3.349434786e+00  0.00000  1.00000  1.00000  0.00000  0.30248  1.00000  0.99826  0.77466
3.356133655e+00  0.00000  1.00000  1.00000  0.00000  0.29829  1.00000  0.99827  0.77273
3.362845923e+00  0.00000  1.00000  1.00000  0.00000  0.30141  1.00000  0.99829  0.77062
3.369571614e+00  0.00000  1.00000  1.00000  0.00000  0.54131  1.00000  0.99830  0.76835
3.376310758e+00  0.00000  1.00000  1.00000  0.00000  0.88451  1.00000  0.99831  0.76596
3.383063379e+00  0.00000  1.00000  1.00000  0.00000  0.98834  1.00000  0.99833  0.76347
3.389829506e+00  0.00000  1.00000  1.00000  0.00000  0.99576  1.00000  0.99834  0.76083
3.396609165e+00  0.00000  1.00000  1.00000  0.00000  0.99873  1.00000  0.99835  0.75808
3.403402383e+00  0.00000  1.00000  1.00000  0.00000  0.99985  1.00000  0.99837  0.75526
3.410209188e+00  0.00000  1.00000  1.00000  0.00000  1.00000  1.00000  0.99838  0.75235
3.417029606e+00  0.00000  1.00000  1.00000  0.00000  1.00000  1.00000  0.99839  0.74931
3.423863666e+00  0.00000  1.00000  1.00000  0.00000  1.00000  1.00000  0.99841  0.74618
3.430711393e+00  0.00000  1.00000  1.00000  0.00000  1.00000  1.00000  0.99842  0.74295
3.437572816e+00  0.00000  1.00000  1.00000  0.00000  1.00000  1.00000  0.99843  0.73969
3.444447961e+00  0.00000  1.00000  1.00000  0.00000  1.00000  1.00000  0.99844  0.73638
3.451336857e+00  0.00000  1.00000  1.00000  0.00000  1.00000  1.00000  0.99846  0.73298
3.458239531e+00  0.00000  1.00000  1.00000  0.00000  1.00000  1.00000  0.99847  0.72952
3.465156010e+00  0.00000  1.00000  1.00000  0.00000  1.00000  1.00000  0.99848  0.72594
3.472086322e+00  0.00000  1.00000  1.00000  0.00000  1.00000  1.00000  0.99849  0.72226
3.479030495e+00  0.00000  1.00000  1.00000  0.00000  1.00000  1.00000  0.99850  0.71858
3.485988556e+00  0.00000  1.00000  1.00000  0.00000  1.00000  1.00000  0.99852  0.71492
3.492960533e+00  0.00000  1.00000  1.00000  0.00000  1.00000  1.00000  0.99853  0.71116
3.499946454e+00  0.00000  1.00000  1.00000  0.00000  1.00000  1.00000  0.99854  0.70730
3.506946347e+00  0.00000  1.00000  1.00000  0.00000  1.00000  1.00000  0.99855  0.70337
3.513960240e+00  0.00000  1.00000  1.00000  0.00000  1.00000  1.00000  0.99856  0.69939
3.520988160e+00  0.00000  1.00000  1.00000  0.00000  1.00000  1.00000  0.99857  0.69541
3.528030136e+00  0.00000  1.00000  1.00000  0.00000  1.00000  1.00000  0.99859  0.69141
3.535086197e+00  0.00000  1.00000  1.00000  0.00000  1.00000  1.00000  0.99860  0.68735
3.542156369e+00  0.00000  1.00000  1.00000  0.00000  1.00000  1.00000  0.99861  0.68325
3.549240682e+00  0.00000  1.00000  1.00000  0.00000  1.00000  1.00000  0.99862  0.67910
3.556339163e+00  0.00000  1.00000  1.00000  0.00000  1.00000  1.00000  0.99863  0.67491
3.563451841e+00  0.00000  1.00000  1.00000  0.00000  1.00000  1.00000  0.99864  0.67065
3.570578745e+00  0.00000  1.00000  1.00000  0.00000  1.00000  1.00000  0.99865  0.66635
3.577719903e+00  0.00000  1.00000  1.00000  0.00000  1.00000  1.00000  0.99866  0.66201
3.584875342e+00  0.00000  1.00000  1.00000  0.00000  1.00000  1.00000  0.99867  0.65767
3.592045093e+00  0.00000  1.00000  1.00000  0.00000  1.00000  1.00000  0.99868  0.65333
3.599229183e+00  0.00000  1.00000  1.00000  0.00000  1.00000  1.00000  0.99869  0.64890
3.606427642e+00  0.00000  1.00000  1.00000  0.00000  1.00000  1.00000  0.99870  0.64439
3.613640497e+00  0.00000  1.00000  1.00000  0.00000  1.00000  1.00000  0.99871  0.63991
3.620867778e+00  0.00000  1.00000  1.00000  0.00000  1.00000  1.00000  0.99873  0.63541
3.628109513e+00  0.00000  1.00000  1.00000  0.00000  1.00000  1.00000  0.99874  0.63086
3.635365732e+00  0.00000  1.00000  1.00000  0.00000  1.00000  1.00000  0.99875  0.62629
3.642636464e+00  0.00000  1.00000  1.00000  0.00000  1.00000  0.99999  0.99876  0.62180
3.649921737e+00  0.00000  1.00000  1.00000  0.00000  1.00000  0.99998  0.99877  0.61726
3.657221580e+00  0.00000  1.00000  1.00000  0.00000  1.00000  0.99995  0.99878  0.61259
3.664536024e+00  0.00000  1.00000  1.00000  0.00000  1.00000  0.99986  0.99878  0.60794
3.671865096e+00  0.00000  1.00000  1.00000  0.00000  1.00000  0.99978  0.99879  0.60330
3.679208826e+00  0.00000  1.00000  1.00000  0.00000  1.00000  0.99974  0.99880  0.59858
3.686567243e+00  0.00000  1.00000  1.00000  0.00000  1.00000  0.99964  0.99881  0.59382
3.693940378e+00  0.00000  1.00000  1.00000  0.00000  1.00000  0.99965  0.99882  0.58909
3.701328259e+00  0.00000  1.00000  1.00000  0.00000  1.00000  0.99939  0.99883  0.58428
3.708730915e+00  0.00000  1.00000  1.00000  0.00000  1.00000  0.99881  0.99884  0.57943
3.716148377e+00  0.00000  1.00000  1.00000  0.00000  1.00000  0.99924  0.99885  0.57459
3.723580674e+00  0.00000  1.00000  1.00000  0.00000  1.00000  0.99985  0.99886  0.56973
3.731027835e+00  0.00000  1.00000  1.00000  0.00000  1.00000  0.99983  0.99887  0.56491
3.738489891e+00  0.00000  1.00000  1.00000  0.00000  1.00000  0.99982  0.99888  0.56007
3.745966871e+00  0.00000  1.00000  1.00000  0.00000  1.00000  0.99988  0.99889  0.55513
3.753458804e+00  0.00000  1.00000  1.00000  0.00000  1.00000  0.99995  0.99890  0.55023
3.760965722e+00  0.00000  1.00000  1.00000  0.00000  1.00000  0.99997  0.99890  0.54531
3.768487653e+00  0.00000  1.00000  1.00000  0.00000  1.00000  0.99998  0.99891  0.54028
3.776024629e+00  0.00000  1.00000  1.00000  0.00000  1.00000  0.99999  0.99892  0.53531
3.783576678e+00  0.00000  1.00000  1.00000  0.00000  1.00000  0.99999  0.99893  0.53038
3.791143831e+00  0.00000  1.00000  1.00000  0.00000  1.00000  0.99999  0.99894  0.52541
3.798726119e+00  0.00000  1.00000  1.00000  0.00000  1.00000  0.99999  0.99895  0.52043
3.806323571e+00  0.00000  1.00000  1.00000  0.00000  1.00000  1.00000  0.99896  0.51545
3.813936218e+00  0.00000  1.00000  1.00000  0.00000  1.00000  1.00000  0.99896  0.51044
3.821564091e+00  0.00000  1.00000  1.00000  0.00000  1.00000  1.00000  0.99897  0.50539
3.829207219e+00  0.00000  1.00000  1.00000  0.00000  1.00000  1.00000  0.99898  0.50036
3.836865633e+00  0.00000  1.00000  1.00000  0.00000  1.00000  1.00000  0.99899  0.49531
3.844539365e+00  0.00000  1.00000  1.00000  0.00000  1.00000  1.00000  0.99900  0.49031
3.852228443e+00  0.00000  1.00000  1.00000  0.00000  1.00000  1.00000  0.99900  0.48534
3.859932900e+00  0.00000  1.00000  1.00000  0.00000  1.00000  0.99999  0.99901  0.48027
3.867652766e+00  0.00000  1.00000  1.00000  0.00000  1.00000  0.99999  0.99902  0.47521
3.875388072e+00  0.00000  1.00000  1.00000  0.00000  1.00000  0.99998  0.99903  0.47022
3.883138848e+00  0.00000  1.00000  1.00000  0.00000  1.00000  0.99997  0.99904  0.46518
3.890905125e+00  0.00000  1.00000  1.00000  0.00000  1.00000  0.99996  0.99904  0.46013
3.898686936e+00  0.00000  1.00000  1.00000  0.00000  1.00000  0.99996  0.99905  0.45511
3.906484310e+00  0.00000  1.00000  1.00000  0.00000  1.00000  0.99998  0.99906  0.45004
3.914297278e+00  0.00000  1.00000  1.00000  0.00000  1.00000  0.99999  0.99907  0.44507
3.922125873e+00  0.00000  1.00000  1.00000  0.00000  1.00000  0.99998  0.99907  0.44010
3.929970124e+00  0.00000  1.00000  1.00000  0.00000  1.00000  0.99997  0.99908  0.43508
3.937830065e+00  0.00000  1.00000  1.00000  0.00000  1.00000  0.99996  0.99909  0.43010
3.945705725e+00  0.00000  1.00000  1.00000  0.00000  1.00000  0.99997  0.99910  0.42511
3.953597136e+00  0.00000  1.00000  1.00000  0.00000  1.00000  0.99999  0.99910  0.42008
3.961504331e+00  0.00000  1.00000  1.00000  0.00000  1.00000  0.99999  0.99911  0.41510
3.969427339e+00  0.00000  1.00000  1.00000  0.00001  1.00000  1.00000  0.99912  0.41020
3.977366194e+00  0.00000  1.00000  1.00000  0.00001  1.00000  1.00000  0.99912  0.40528
3.985320926e+00  0.00000  1.00000  1.00000  0.00000  1.00000  1.00000  0.99913  0.40039
3.993291568e+00  0.00001  1.00000  1.00000  0.00002  1.00000  1.00000  0.99914  0.39551
4.001278151e+00  0.00001  1.00000  1.00000  0.00002  1.00000  1.00000  0.99914  0.39061
4.009280708e+00  0.00000  1.00000  1.00000  0.00001  1.00000  1.00000  0.99915  0.38570
4.017299269e+00  0.00000  1.00000  1.00000  0.00001  1.00000  1.00000  0.99916  0.38079
4.025333868e+00  0.00002  1.00000  1.00000  0.00005  1.00000  1.00000  0.99916  0.37591
4.033384535e+00  0.00002  1.00000  1.00000  0.00006  1.00000  1.00000  0.99917  0.37107
4.041451304e+00  0.00001  1.00000  1.00000  0.00002  1.00000  1.00000  0.99918  0.36629
4.049534207e+00  0.00000  1.00000  1.00000  0.00001  1.00000  1.00000  0.99918  0.36155
4.057633275e+00  0.00001  1.00000  1.00000  0.00003  1.00000  1.00000  0.99919  0.35676
4.065748542e+00  0.00003  1.00000  1.00000  0.00008  1.00000  1.00000  0.99920  0.35201
4.073880039e+00  0.00003  1.00000  1.00000  0.00009  1.00000  1.00000  0.99920  0.34730
4.082027799e+00  0.00002  1.00000  1.00000  0.00005  1.00000  1.00000  0.99921  0.34254
4.090191855e+00  0.00008  1.00000  1.00000  0.00023  1.00000  1.00000  0.99922  0.33788
4.098372238e+00  0.00011  1.00000  1.00000  0.00032  1.00000  1.00000  0.99922  0.33331
4.106568983e+00  0.00014  1.00000  1.00000  0.00042  1.00000  1.00000  0.99923  0.32868
4.114782121e+00  0.00011  1.00000  1.00000  0.00035  1.00000  1.00000  0.99924  0.32410
4.123011685e+00  0.00004  1.00000  1.00000  0.00013  1.00000  1.00000  0.99924  0.31952
4.131257708e+00  0.00012  1.00000  1.00000  0.00039  1.00000  1.00000  0.99925  0.31493
4.139520224e+00  0.00044  1.00000  1.00000  0.00141  1.00000  1.00000  0.99925  0.31042
4.147799264e+00  0.00046  1.00000  1.00000  0.00149  1.00000  1.00000  0.99926  0.30594
4.156094863e+00  0.00014  1.00000  1.00000  0.00045  1.00000  1.00000  0.99926  0.30140
4.164407053e+00  0.00018  1.00000  1.00000  0.00062  1.00000  1.00000  0.99927  0.29687
4.172735867e+00  0.00087  1.00000  1.00000  0.00301  1.00000  1.00000  0.99928  0.29218
4.181081338e+00  0.00102  1.00000  1.00000  0.00356  1.00000  1.00000  0.99928  0.28737
4.189443501e+00  0.00041  1.00000  1.00000  0.00143  1.00000  1.00000  0.99929  0.28260
4.197822388e+00  0.00013  1.00000  1.00000  0.00048  1.00000  1.00000  0.99929  0.27784
4.206218033e+00  0.00034  1.00000  1.00000  0.00126  1.00000  1.00000  0.99930  0.27306
4.214630469e+00  0.00069  1.00000  1.00000  0.00257  1.00000  1.00000  0.99930  0.26837
4.223059730e+00  0.00078  1.00000  1.00000  0.00296  1.00000  1.00000  0.99931  0.26370
4.231505849e+00  0.00037  1.00000  1.00000  0.00143  1.00000  1.00000  0.99932  0.25900
4.239968861e+00  0.00009  1.00000  1.00000  0.00037  1.00000  1.00000  0.99932  0.25431
4.248448799e+00  0.00230  1.00000  1.00000  0.00928  1.00000  1.00000  0.99933  0.24966
4.256945696e+00  0.00268  1.00000  1.00000  0.01088  1.00000  1.00000  0.99933  0.24512
4.265459588e+00  0.00077  1.00000  1.00000  0.00317  1.00000  1.00000  0.99934  0.24062
4.273990507e+00  0.00030  1.00000  1.00000  0.00129  1.00000  1.00000  0.99934  0.23611
4.282538488e+00  0.00085  1.00000  1.00000  0.00368  1.00000  1.00000  0.99935  0.23164
4.291103565e+00  0.00269  1.00000  1.00000  0.01190  1.00000  1.00000  0.99935  0.22725
4.299685772e+00  0.00358  1.00000  1.00000  0.01606  1.00000  1.00000  0.99936  0.22284
4.308285144e+00  0.00303  1.00000  1.00000  0.01387  1.00000  1.00000  0.99936  0.21848
4.316901714e+00  0.00153  1.00000  1.00000  0.00708  1.00000  1.00000  0.99937  0.21418
4.325535517e+00  0.00024  1.00000  1.00000  0.00112  1.00000  1.00000  0.99937  0.20992
4.334186588e+00  0.00140  1.00000  1.00000  0.00686  1.00000  1.00000  0.99938  0.20572
4.342854961e+00  0.00321  1.00000  1.00000  0.01599  1.00000  1.00000  0.99938  0.20156
4.351540671e+00  0.00283  1.00000  1.00000  0.01428  1.00000  1.00000  0.99939  0.19749
4.360243753e+00  0.00177  1.00000  1.00000  0.00912  1.00000  1.00000  0.99939  0.19344
4.368964240e+00  0.00161  1.00000  1.00000  0.00852  1.00000  1.00000  0.99940  0.18938
4.377702169e+00  0.00105  1.00000  1.00000  0.00565  1.00000  1.00000  0.99940  0.18543
4.386457573e+00  0.00077  1.00000  1.00000  0.00423  1.00000  1.00000  0.99941  0.18157
4.395230488e+00  0.00069  1.00000  1.00000  0.00386  1.00000  1.00000  0.99941  0.17776
4.404020949e+00  0.00045  1.00000  1.00000  0.00261  1.00000  1.00000  0.99942  0.17394
4.412828991e+00  0.00043  1.00000  1.00000  0.00251  1.00000  1.00000  0.99942  0.17011
4.421654649e+00  0.00067  1.00000  1.00000  0.00407  1.00000  1.00000  0.99943  0.16638
4.430497958e+00  0.00050  1.00000  1.00000  0.00304  1.00000  1.00000  0.99943  0.16275
4.439358954e+00  0.00042  1.00000  1.00000  0.00265  1.00000  1.00000  0.99944  0.15915
4.448237672e+00  0.00056  1.00000  1.00000  0.00359  1.00000  1.00000  0.99944  0.15561
4.457134148e+00  0.00034  1.00000  1.00000  0.00224  1.00000  1.00000  0.99944  0.15212
4.466048416e+00  0.00041  1.00000  1.00000  0.00275  1.00000  1.00000  0.99945  0.14867
4.474980513e+00  0.00037  1.00000  1.00000  0.00257  1.00000  1.00000  0.99945  0.14531
4.483930474e+00  0.00037  1.00000  1.00000  0.00262  1.00000  1.00000  0.99946  0.14204
4.492898335e+00  0.00096  1.00000  1.00000  0.00694  1.00000  1.00000  0.99946  0.13878
4.501884131e+00  0.00097  1.00000  1.00000  0.00713  1.00000  1.00000  0.99947  0.13553
4.510887900e+00  0.00270  1.00000  1.00000  0.02061  1.00000  1.00000  0.99947  0.13237
4.519909675e+00  0.00320  1.00000  1.00000  0.02464  1.00000  1.00000  0.99947  0.12931
4.528949495e+00  0.00401  1.00000  1.00000  0.03199  1.00000  0.99999  0.99948  0.12625
4.538007394e+00  0.00356  1.00000  1.00000  0.02869  1.00000  0.99999  0.99948  0.12323
4.547083408e+00  0.00075  1.00000  1.00000  0.00618  1.00000  0.99997  0.99949  0.12030
4.556177575e+00  0.00009  1.00000  1.00000  0.00073  1.00000  0.99996  0.99949  0.11742
4.565289930e+00  0.00028  1.00000  1.00000  0.00245  1.00000  0.99994  0.99949  0.11461
4.574420510e+00  0.00407  1.00000  1.00000  0.03676  1.00000  0.99990  0.99950  0.11184
4.583569351e+00  0.00475  1.00000  1.00000  0.04329  1.00000  0.99988  0.99950  0.10912
4.592736490e+00  0.00715  1.00000  1.00000  0.06777  1.00000  0.99989  0.99951  0.10646
4.601921963e+00  0.00765  1.00000  1.00000  0.07324  1.00000  0.99990  0.99951  0.10387
4.611125807e+00  0.00521  1.00000  1.00000  0.05160  1.00000  0.99945  0.99951  0.10132
4.620348059e+00  0.00531  1.00000  1.00000  0.05366  1.00000  0.99953  0.99952  0.09879
4.629588755e+00  0.00352  1.00000  1.00000  0.03639  1.00000  0.99998  0.99952  0.09634
4.638847932e+00  0.00388  1.00000  1.00000  0.04151  1.00000  0.99994  0.99953  0.09396
4.648125628e+00  0.00335  1.00000  1.00000  0.03642  1.00000  0.99992  0.99953  0.09159
4.657421879e+00  0.00410  1.00000  1.00000  0.04633  1.00000  0.99992  0.99953  0.08926
4.666736723e+00  0.00351  1.00000  1.00000  0.03998  1.00000  0.99994  0.99954  0.08699
4.676070197e+00  0.00435  1.00000  1.00000  0.05183  1.00000  0.99996  0.99954  0.08480
4.685422337e+00  0.00395  1.00000  1.00000  0.04733  1.00000  0.99998  0.99954  0.08267
4.694793182e+00  0.00546  1.00000  1.00000  0.06855  1.00000  0.99999  0.99955  0.08056
4.704182768e+00  0.00502  1.00000  1.00000  0.06323  1.00000  0.99999  0.99955  0.07849
4.713591133e+00  0.00587  1.00000  1.00000  0.07767  1.00000  0.99999  0.99956  0.07647
4.723018316e+00  0.00570  1.00000  1.00000  0.07579  1.00000  1.00000  0.99956  0.07451
4.732464352e+00  0.00890  1.00000  1.00000  0.12407  1.00000  1.00000  0.99956  0.07258
4.741929281e+00  0.00905  1.00000  1.00000  0.12694  1.00000  1.00000  0.99957  0.07068
4.751413140e+00  0.01319  1.00000  1.00000  0.19350  1.00000  1.00000  0.99957  0.06884
4.760915966e+00  0.01307  1.00000  1.00000  0.19325  1.00000  1.00000  0.99957  0.06708
4.770437798e+00  0.01601  1.00000  1.00000  0.24739  1.00000  1.00000  0.99958  0.06534
4.779978673e+00  0.01692  1.00000  1.00000  0.26426  1.00000  1.00000  0.99958  0.06360
4.789538631e+00  0.02086  1.00000  1.00000  0.33978  1.00000  1.00000  0.99958  0.06191
4.799117708e+00  0.02327  1.00000  1.00000  0.38434  1.00000  1.00000  0.99959  0.06028
4.808715943e+00  0.02734  1.00000  1.00000  0.46874  1.00000  1.00000  0.99959  0.05870
4.818333375e+00  0.03220  1.00000  1.00000  0.56239  1.00000  1.00000  0.99959  0.05714
4.827970042e+00  0.03277  1.00000  1.00000  0.59126  1.00000  1.00000  0.99960  0.05561
4.837625982e+00  0.03857  1.00000  1.00000  0.71324  1.00000  1.00000  0.99960  0.05411
4.847301234e+00  0.03781  1.00000  1.00000  0.71832  1.00000  1.00000  0.99960  0.05266
4.856995837e+00  0.04098  1.00000  1.00000  0.80127  1.00000  1.00000  0.99961  0.05123
4.866709828e+00  0.04139  1.00000  1.00000  0.82984  1.00000  1.00000  0.99961  0.04986
4.876443248e+00  0.04227  1.00000  1.00000  0.87267  1.00000  1.00000  0.99961  0.04852
4.886196134e+00  0.04292  1.00000  1.00000  0.90926  1.00000  1.00000  0.99961  0.04719
4.895968527e+00  0.04236  1.00000  1.00000  0.92366  1.00000  1.00000  0.99962  0.04591
4.905760464e+00  0.04266  1.00000  1.00000  0.95540  1.00000  1.00000  0.99962  0.04466
4.915571985e+00  0.04175  1.00000  1.00000  0.96243  1.00000  1.00000  0.99962  0.04341
4.925403129e+00  0.04151  1.00000  1.00000  0.98378  1.00000  1.00000  0.99963  0.04221
4.935253935e+00  0.04031  1.00000  1.00000  0.98234  1.00000  1.00000  0.99963  0.04105
4.945124443e+00  0.03936  1.00000  1.00000  0.98674  1.00000  1.00000  0.99963  0.03991
4.955014692e+00  0.03839  1.00000  1.00000  0.99060  1.00000  1.00000  0.99964  0.03877
4.964924721e+00  0.03736  1.00000  1.00000  0.99317  1.00000  1.00000  0.99964  0.03763
4.974854571e+00  0.03638  1.00000  1.00000  0.99602  1.00000  1.00000  0.99964  0.03654
4.984804280e+00  0.03537  1.00000  1.00000  0.99676  1.00000  1.00000  0.99964  0.03549
4.994773888e+00  0.03438  1.00000  1.00000  0.99762  1.00000  1.00000  0.99965  0.03447
