# ------------------------------------------------------------------------
# NASA-GSFC Planetary Spectrum Generator (PSG, Villanueva et al. 2018)
# Atmospheric transmittance spectrum synthesized with PUMAS (Villanueva et al. 2018, Smith et al. 2009, Edwards 1992)
# Synthesized on Sat Jul 31 18:31:37 2021
# Molecular abundance profile: Uranus atmosphere - Marten+2005, Moses+2005
# Molecules considered: H2,He,CH4,CO,HCN
# Molecular sources: HIT[45],HIT[0],HIT[6],HIT[5],HIT[23]
# Molecular abundances: 83,15,1,1,1
# Molecular abundance units: pct,pct,scl,ppm,scl
# Collissional partners (H2 type): Air:0%, H2:85%, He:15%, CO2:0%
# Collision-Induced-Absorption:  H2-H2  H2-He 
# Rayleigh scattering included
# ------------------------------------------------------------------------
# Spectral unit: Wavelength [um]
# Wave/freq Total H2 He CH4 CO HCN Rayleigh CIA
1.000000000e+00  0.18273  1.00000  1.00000  0.99722  1.00000  1.00000  0.18335  0.99940
1.002000000e+00  0.18512  1.00000  1.00000  0.99741  1.00000  0.99996  0.18584  0.99877
1.004004000e+00  0.18285  1.00000  1.00000  0.99758  1.00000  0.97452  0.18835  0.99860
1.006012008e+00  0.11515  1.00000  1.00000  0.99753  1.00000  0.60736  0.19087  0.99840
1.008024032e+00  0.03818  1.00000  1.00000  0.99753  1.00000  0.19847  0.19340  0.99816
1.010040080e+00  0.02094  1.00000  1.00000  0.99773  1.00000  0.10717  0.19595  0.99787
1.012060160e+00  0.03042  1.00000  1.00000  0.99769  1.00000  0.15338  0.19850  0.99756
1.014084281e+00  0.11473  1.00000  1.00000  0.99760  1.00000  0.57083  0.20108  0.99726
1.016112449e+00  0.19387  1.00000  1.00000  0.99778  1.00000  0.95634  0.20366  0.99701
1.018144674e+00  0.20508  1.00000  1.00000  0.99802  1.00000  0.99944  0.20626  0.99680
1.020180963e+00  0.20780  1.00000  1.00000  0.99834  1.00000  0.99994  0.20886  0.99660
1.022221325e+00  0.21040  1.00000  1.00000  0.99854  1.00000  0.99999  0.21148  0.99634
1.024265768e+00  0.21299  1.00000  1.00000  0.99875  1.00000  1.00000  0.21412  0.99600
1.026314299e+00  0.21558  1.00000  1.00000  0.99902  1.00000  1.00000  0.21676  0.99555
1.028366928e+00  0.21812  1.00000  1.00000  0.99912  1.00000  1.00000  0.21941  0.99500
1.030423662e+00  0.22066  1.00000  1.00000  0.99928  1.00000  1.00000  0.22208  0.99434
1.032484509e+00  0.22270  1.00000  1.00000  0.99948  1.00000  0.99778  0.22475  0.99359
1.034549478e+00  0.13499  1.00000  1.00000  0.99963  1.00000  0.60012  0.22744  0.99277
1.036618577e+00  0.02592  1.00000  1.00000  0.99972  1.00000  0.11421  0.23014  0.99194
1.038691814e+00  0.00000  1.00000  1.00000  0.99980  1.00000  0.00000  0.23285  0.99111
1.040769198e+00  0.00000  1.00000  1.00000  0.99986  1.00000  0.00000  0.23556  0.99023
1.042850736e+00  0.00000  1.00000  1.00000  0.99989  1.00000  0.00000  0.23829  0.98926
1.044936438e+00  0.00177  1.00000  1.00000  0.99993  1.00000  0.00739  0.24102  0.98809
1.047026311e+00  0.08960  1.00000  1.00000  0.99994  1.00000  0.37089  0.24377  0.98665
1.049120363e+00  0.12717  1.00000  1.00000  0.99995  1.00000  0.52452  0.24652  0.98490
1.051218604e+00  0.04281  1.00000  1.00000  0.99998  1.00000  0.17555  0.24929  0.98281
1.053321041e+00  0.00008  1.00000  1.00000  0.99999  1.00000  0.00030  0.25206  0.98036
1.055427683e+00  0.00468  1.00000  1.00000  1.00000  1.00000  0.01872  0.25484  0.97762
1.057538539e+00  0.09300  1.00000  1.00000  1.00000  1.00000  0.36901  0.25763  0.97486
1.059653616e+00  0.21059  1.00000  1.00000  1.00000  1.00000  0.83106  0.26042  0.97228
1.061772923e+00  0.25216  1.00000  1.00000  1.00000  1.00000  0.98758  0.26323  0.96996
1.063896469e+00  0.25736  1.00000  1.00000  1.00000  1.00000  0.99955  0.26604  0.96782
1.066024262e+00  0.25955  1.00000  1.00000  1.00000  1.00000  0.99997  0.26886  0.96540
1.068156310e+00  0.26144  1.00000  1.00000  1.00000  1.00000  1.00000  0.27169  0.96229
1.070292623e+00  0.26307  1.00000  1.00000  1.00000  1.00000  1.00000  0.27452  0.95831
1.072433208e+00  0.26442  1.00000  1.00000  1.00000  1.00000  1.00000  0.27736  0.95336
1.074578075e+00  0.26529  1.00000  1.00000  1.00000  1.00000  0.99918  0.28020  0.94756
1.076727231e+00  0.22506  1.00000  1.00000  1.00000  1.00000  0.84505  0.28306  0.94114
1.078880685e+00  0.09172  1.00000  1.00000  1.00000  1.00000  0.34381  0.28591  0.93427
1.081038447e+00  0.00183  1.00000  1.00000  1.00000  1.00000  0.00685  0.28878  0.92719
1.083200524e+00  0.00006  1.00000  1.00000  1.00000  1.00000  0.00023  0.29165  0.91993
1.085366925e+00  0.03984  1.00000  1.00000  1.00000  1.00000  0.14821  0.29452  0.91228
1.087537658e+00  0.12639  1.00000  1.00000  0.99998  1.00000  0.47019  0.29740  0.90390
1.089712734e+00  0.11265  1.00000  1.00000  0.99993  1.00000  0.41930  0.30029  0.89435
1.091892159e+00  0.15940  1.00000  1.00000  0.99972  1.00000  0.59615  0.30318  0.88330
1.094075944e+00  0.17390  1.00000  1.00000  0.99937  1.00000  0.65204  0.30607  0.87050
1.096264095e+00  0.15542  1.00000  1.00000  0.99923  1.00000  0.58850  0.30897  0.85602
1.098456624e+00  0.23211  1.00000  1.00000  0.99913  1.00000  0.88656  0.31187  0.84046
1.100653537e+00  0.25829  1.00000  1.00000  0.99913  1.00000  0.99609  0.31478  0.82448
1.102854844e+00  0.25655  1.00000  1.00000  0.99948  1.00000  0.99997  0.31768  0.80803
1.105060554e+00  0.25324  1.00000  1.00000  0.99972  1.00000  1.00000  0.32060  0.79017
1.107270675e+00  0.24874  1.00000  1.00000  0.99900  1.00000  1.00000  0.32351  0.76968
1.109485216e+00  0.23951  1.00000  1.00000  0.98417  1.00000  1.00000  0.32643  0.74544
1.111704187e+00  0.22817  1.00000  1.00000  0.96642  1.00000  1.00000  0.32936  0.71685
1.113927595e+00  0.22243  1.00000  1.00000  0.97901  1.00000  1.00000  0.33228  0.68408
1.116155450e+00  0.21576  1.00000  1.00000  0.99316  1.00000  1.00000  0.33521  0.64816
1.118387761e+00  0.19701  1.00000  1.00000  0.95350  1.00000  0.99992  0.33814  0.61050
1.120624537e+00  0.17460  1.00000  1.00000  0.89208  1.00000  0.99969  0.34107  0.57348
1.122865786e+00  0.16017  1.00000  1.00000  0.85857  1.00000  0.99890  0.34400  0.54226
1.125111517e+00  0.15927  1.00000  1.00000  0.87679  1.00000  0.99879  0.34693  0.52372
1.127361740e+00  0.15753  1.00000  1.00000  0.87788  1.00000  0.96806  0.34987  0.52098
1.129616464e+00  0.09648  1.00000  1.00000  0.90325  1.00000  0.57251  0.35281  0.53223
1.131875697e+00  0.02155  1.00000  1.00000  0.96139  1.00000  0.11342  0.35575  0.55243
1.134139448e+00  0.00012  1.00000  1.00000  0.97580  1.00000  0.00059  0.35868  0.57385
1.136407727e+00  0.00258  1.00000  1.00000  0.96454  1.00000  0.01200  0.36162  0.58903
1.138680542e+00  0.06556  0.99994  1.00000  0.96407  1.00000  0.30519  0.36456  0.59416
1.140957903e+00  0.16538  0.99994  1.00000  0.97852  1.00000  0.77635  0.36750  0.58828
1.143239819e+00  0.20521  1.00000  1.00000  0.98268  1.00000  0.98544  0.37044  0.57138
1.145526299e+00  0.19938  1.00000  1.00000  0.98106  1.00000  0.99953  0.37338  0.54451
1.147817351e+00  0.18796  1.00000  1.00000  0.97817  1.00000  0.99996  0.37632  0.51066
1.150112986e+00  0.17522  1.00000  1.00000  0.97100  1.00000  1.00000  0.37926  0.47580
1.152413212e+00  0.16318  1.00000  1.00000  0.95720  1.00000  1.00000  0.38220  0.44599
1.154718039e+00  0.15406  1.00000  1.00000  0.94110  1.00000  1.00000  0.38514  0.42502
1.157027475e+00  0.15012  1.00000  1.00000  0.92667  1.00000  0.99721  0.38807  0.41837
1.159341530e+00  0.10527  1.00000  1.00000  0.93668  1.00000  0.67572  0.39101  0.42778
1.161660213e+00  0.03091  0.99996  1.00000  0.94978  1.00000  0.18359  0.39394  0.45001
1.163983533e+00  0.00000  0.99056  1.00000  0.92774  1.00000  0.00000  0.39688  0.48655
1.166311500e+00  0.00000  0.99142  1.00000  0.91781  1.00000  0.00000  0.39981  0.53411
1.168644123e+00  0.00000  0.99999  1.00000  0.93736  1.00000  0.00000  0.40273  0.58125
1.170981411e+00  0.00001  1.00000  1.00000  0.94801  1.00000  0.00002  0.40566  0.61937
1.173323374e+00  0.03831  1.00000  1.00000  0.95481  1.00000  0.14531  0.40858  0.64353
1.175670021e+00  0.09852  1.00000  1.00000  0.96325  1.00000  0.37201  0.41151  0.65242
1.178021361e+00  0.18950  1.00000  1.00000  0.96991  1.00000  0.72250  0.41442  0.64788
1.180377404e+00  0.25314  1.00000  1.00000  0.97508  1.00000  0.98183  0.41734  0.63314
1.182738159e+00  0.25147  1.00000  1.00000  0.97753  1.00000  0.99915  0.42025  0.61265
1.185103635e+00  0.24585  1.00000  1.00000  0.98160  1.00000  0.99988  0.42316  0.59199
1.187473842e+00  0.24124  0.99996  1.00000  0.98419  0.99995  0.99996  0.42607  0.57538
1.189848790e+00  0.23263  0.97891  1.00000  0.98066  0.99994  0.99999  0.42897  0.56361
1.192228487e+00  0.23149  0.98005  1.00000  0.98216  0.99997  1.00000  0.43187  0.55573
1.194612944e+00  0.23603  0.99929  1.00000  0.98870  0.99998  1.00000  0.43477  0.54949
1.197002170e+00  0.23617  0.99998  1.00000  0.99153  1.00000  1.00000  0.43766  0.54424
1.199396175e+00  0.23789  1.00000  1.00000  0.99320  1.00000  1.00000  0.44055  0.54367
1.201794967e+00  0.24389  1.00000  1.00000  0.99403  1.00000  1.00000  0.44343  0.55329
1.204198557e+00  0.25545  1.00000  1.00000  0.99464  1.00000  1.00000  0.44631  0.57540
1.206606954e+00  0.27212  1.00000  1.00000  0.99601  1.00000  1.00000  0.44919  0.60816
1.209020168e+00  0.29208  1.00000  1.00000  0.99737  1.00000  1.00000  0.45206  0.64772
1.211438208e+00  0.31235  1.00000  1.00000  0.99817  1.00000  1.00000  0.45493  0.68780
1.213861085e+00  0.32985  1.00000  1.00000  0.99833  1.00000  1.00000  0.45779  0.72169
1.216288807e+00  0.34304  1.00000  1.00000  0.99856  1.00000  1.00000  0.46064  0.74573
1.218721384e+00  0.35131  1.00000  1.00000  0.99892  1.00000  1.00000  0.46349  0.75877
1.221158827e+00  0.35446  1.00000  1.00000  0.99913  1.00000  0.99968  0.46634  0.76099
1.223601145e+00  0.33494  1.00000  1.00000  0.99931  1.00000  0.94767  0.46918  0.75361
1.226048347e+00  0.18661  1.00000  1.00000  0.99930  1.00000  0.53236  0.47201  0.73838
1.228500444e+00  0.05233  1.00000  1.00000  0.99928  1.00000  0.15307  0.47484  0.71759
1.230957445e+00  0.06483  1.00000  1.00000  0.99913  1.00000  0.19626  0.47767  0.69531
1.233419360e+00  0.09667  1.00000  1.00000  0.99905  1.00000  0.29704  0.48048  0.67793
1.235886198e+00  0.19421  1.00000  1.00000  0.99913  1.00000  0.59731  0.48330  0.67203
1.238357971e+00  0.30572  0.99957  1.00000  0.99930  1.00000  0.92218  0.48610  0.68175
1.240834687e+00  0.34034  0.99285  1.00000  0.99952  1.00000  0.99270  0.48890  0.70564
1.243316356e+00  0.36062  0.99381  1.00000  0.99962  1.00000  0.99784  0.49169  0.73884
1.245802989e+00  0.38396  0.99997  1.00000  0.99966  1.00000  0.99927  0.49448  0.77727
1.248294595e+00  0.40547  1.00000  1.00000  0.99969  1.00000  0.99998  0.49726  0.81562
1.250791184e+00  0.42467  1.00000  1.00000  0.99976  1.00000  1.00000  0.50003  0.84945
1.253292766e+00  0.44125  1.00000  1.00000  0.99983  1.00000  1.00000  0.50280  0.87771
1.255799352e+00  0.45533  1.00000  1.00000  0.99987  1.00000  1.00000  0.50556  0.90074
1.258310951e+00  0.46750  1.00000  1.00000  0.99991  1.00000  1.00000  0.50831  0.91976
1.260827572e+00  0.47803  1.00000  1.00000  0.99991  1.00000  0.99997  0.51106  0.93546
1.263349228e+00  0.48525  1.00000  1.00000  0.99736  1.00000  0.99854  0.51379  0.94788
1.265875926e+00  0.45904  1.00000  1.00000  0.99082  1.00000  0.93200  0.51653  0.95742
1.268407678e+00  0.27781  1.00000  1.00000  0.98726  1.00000  0.55777  0.51925  0.96451
1.270944493e+00  0.06502  1.00000  1.00000  0.99128  1.00000  0.12918  0.52196  0.96944
1.273486382e+00  0.00000  1.00000  1.00000  0.99536  1.00000  0.00000  0.52467  0.97257
1.276033355e+00  0.00000  1.00000  1.00000  0.99740  1.00000  0.00000  0.52737  0.97423
1.278585422e+00  0.00002  1.00000  1.00000  0.99907  1.00000  0.00005  0.53007  0.97470
1.281142593e+00  0.07536  1.00000  1.00000  0.99941  1.00000  0.14491  0.53275  0.97423
1.283704878e+00  0.32037  1.00000  1.00000  0.99955  1.00000  0.61438  0.53543  0.97309
1.286272287e+00  0.50183  1.00000  1.00000  0.99969  1.00000  0.95988  0.53810  0.97166
1.288844832e+00  0.52316  1.00000  1.00000  0.99983  1.00000  0.99677  0.54076  0.97069
1.291422522e+00  0.52715  1.00000  1.00000  0.99989  1.00000  0.99939  0.54341  0.97075
1.294005367e+00  0.53065  0.99998  1.00000  0.99989  1.00000  0.99992  0.54606  0.97197
1.296593377e+00  0.53460  0.99999  1.00000  0.99988  1.00000  0.99999  0.54869  0.97444
1.299186564e+00  0.53903  1.00000  1.00000  0.99978  1.00000  1.00000  0.55132  0.97791
1.301784937e+00  0.54341  1.00000  1.00000  0.99932  1.00000  1.00000  0.55394  0.98165
1.304388507e+00  0.54634  1.00000  1.00000  0.99648  1.00000  1.00000  0.55655  0.98512
1.306997284e+00  0.54793  1.00000  1.00000  0.99175  1.00000  1.00000  0.55915  0.98809
1.309611279e+00  0.54370  1.00000  1.00000  0.97727  1.00000  1.00000  0.56175  0.99043
1.312230501e+00  0.52196  1.00000  1.00000  0.93229  1.00000  1.00000  0.56433  0.99220
1.314854962e+00  0.51251  1.00000  1.00000  0.90992  1.00000  1.00000  0.56691  0.99352
1.317484672e+00  0.52091  1.00000  1.00000  0.91982  1.00000  1.00000  0.56947  0.99445
1.320119642e+00  0.45818  1.00000  1.00000  0.80519  1.00000  1.00000  0.57203  0.99510
1.322759881e+00  0.39429  1.00000  1.00000  0.68933  1.00000  1.00000  0.57458  0.99552
1.325405401e+00  0.37339  1.00000  1.00000  0.64979  1.00000  1.00000  0.57712  0.99578
1.328056212e+00  0.34178  1.00000  1.00000  0.59209  1.00000  1.00000  0.57965  0.99597
1.330712324e+00  0.36945  1.00000  1.00000  0.63692  1.00000  0.99998  0.58217  0.99614
1.333373749e+00  0.34638  1.00000  1.00000  0.59570  1.00000  0.98982  0.58469  0.99635
1.336040496e+00  0.26728  1.00000  1.00000  0.60945  1.00000  0.70979  0.58719  0.99662
1.338712577e+00  0.11813  0.99999  1.00000  0.62911  1.00000  0.22178  0.58968  0.99695
1.341390002e+00  0.00052  0.99999  1.00000  0.59821  1.00000  0.00092  0.59217  0.99732
1.344072782e+00  0.00000  1.00000  1.00000  0.63233  1.00000  0.00000  0.59464  0.99768
1.346760928e+00  0.00000  1.00000  1.00000  0.60269  1.00000  0.00000  0.59711  0.99801
1.349454450e+00  0.00310  1.00000  1.00000  0.50018  1.00000  0.00593  0.59956  0.99828
1.352153359e+00  0.04091  1.00000  1.00000  0.43856  1.00000  0.08857  0.60201  0.99849
1.354857665e+00  0.04435  1.00000  1.00000  0.34164  1.00000  0.10079  0.60445  0.99866
1.357567381e+00  0.06364  1.00000  1.00000  0.21619  1.00000  0.40496  0.60687  0.99878
1.360282515e+00  0.08912  1.00000  1.00000  0.16748  1.00000  0.54663  0.60929  0.99887
1.363003080e+00  0.08357  1.00000  1.00000  0.18128  1.00000  0.36441  0.61170  0.99894
1.365729087e+00  0.10654  0.99993  1.00000  0.20504  1.00000  0.63751  0.61410  0.99898
1.368460545e+00  0.15244  0.99994  1.00000  0.24840  1.00000  0.95015  0.61649  0.99900
1.371197466e+00  0.24161  0.99997  1.00000  0.39065  1.00000  0.99861  0.61886  0.99900
1.373939861e+00  0.26289  0.99997  1.00000  0.42370  1.00000  0.99994  0.62123  0.99900
1.376687740e+00  0.22458  1.00000  1.00000  0.36054  1.00000  0.99997  0.62359  0.99898
1.379441116e+00  0.20975  1.00000  1.00000  0.33593  1.00000  0.98184  0.62594  0.99895
1.382199998e+00  0.14418  0.99825  1.00000  0.30076  1.00000  0.58141  0.62828  0.99892
1.384964398e+00  0.04321  0.99840  1.00000  0.29616  1.00000  0.11038  0.63061  0.99888
1.387734327e+00  0.00000  1.00000  1.00000  0.30174  1.00000  0.00000  0.63293  0.99883
1.390509796e+00  0.00000  1.00000  1.00000  0.28851  1.00000  0.00000  0.63523  0.99878
1.393290815e+00  0.00000  1.00000  1.00000  0.21584  1.00000  0.00000  0.63753  0.99872
1.396077397e+00  0.00000  0.99512  1.00000  0.19133  1.00000  0.00000  0.63982  0.99866
1.398869552e+00  0.00000  0.99554  1.00000  0.19152  1.00000  0.00000  0.64210  0.99859
1.401667291e+00  0.02676  0.99999  1.00000  0.20009  1.00000  0.06595  0.64437  0.99852
1.404470625e+00  0.05852  1.00000  1.00000  0.16644  1.00000  0.50027  0.64663  0.99845
1.407279567e+00  0.08684  1.00000  1.00000  0.13465  1.00000  0.91283  0.64887  0.99837
1.410094126e+00  0.10564  1.00000  1.00000  0.16254  1.00000  0.98528  0.65111  0.99829
1.412914314e+00  0.11171  0.99999  1.00000  0.17128  1.00000  0.99507  0.65334  0.99820
1.415740143e+00  0.20208  0.99999  1.00000  0.30864  1.00000  0.99883  0.65556  0.99811
1.418571623e+00  0.29872  1.00000  1.00000  0.45500  1.00000  0.99981  0.65776  0.99802
1.421408766e+00  0.37283  1.00000  1.00000  0.56597  1.00000  0.99997  0.65996  0.99792
1.424251584e+00  0.42048  1.00000  1.00000  0.63642  1.00000  0.99999  0.66215  0.99781
1.427100087e+00  0.42173  1.00000  1.00000  0.63629  1.00000  0.99987  0.66432  0.99771
1.429954287e+00  0.44368  0.99918  1.00000  0.66896  1.00000  0.98743  0.66649  0.99759
1.432814196e+00  0.43369  0.99925  1.00000  0.72464  1.00000  0.83043  0.66865  0.99748
1.435679824e+00  0.27924  1.00000  1.00000  0.75367  1.00000  0.46410  0.67079  0.99735
1.438551184e+00  0.32414  1.00000  1.00000  0.74027  1.00000  0.61892  0.67293  0.99723
1.441428286e+00  0.47379  1.00000  1.00000  0.72213  1.00000  0.96415  0.67505  0.99710
1.444311143e+00  0.34884  1.00000  1.00000  0.72062  1.00000  0.66197  0.67717  0.99696
1.447199765e+00  0.33727  1.00000  1.00000  0.71751  1.00000  0.58723  0.67927  0.99682
1.450094164e+00  0.44224  0.99999  1.00000  0.68925  1.00000  0.88214  0.68137  0.99667
1.452994353e+00  0.46575  0.99999  1.00000  0.68513  1.00000  0.98870  0.68345  0.99651
1.455900341e+00  0.47880  1.00000  1.00000  0.70102  1.00000  0.99958  0.68552  0.99635
1.458812142e+00  0.48618  1.00000  1.00000  0.70977  1.00000  0.99997  0.68759  0.99619
1.461729766e+00  0.51985  1.00000  1.00000  0.75677  1.00000  0.99986  0.68964  0.99601
1.464653226e+00  0.56416  1.00000  1.00000  0.81936  1.00000  0.99726  0.69168  0.99584
1.467582532e+00  0.56042  1.00000  1.00000  0.84327  1.00000  0.93241  0.69372  0.99565
1.470517697e+00  0.31839  1.00000  1.00000  0.87657  1.00000  0.50479  0.69574  0.99546
1.473458733e+00  0.05494  1.00000  1.00000  0.84229  1.00000  0.07965  0.69775  0.99526
1.476405650e+00  0.00000  1.00000  1.00000  0.76508  1.00000  0.00000  0.69975  0.99505
1.479358462e+00  0.00000  1.00000  1.00000  0.75580  1.00000  0.00000  0.70174  0.99483
1.482317178e+00  0.00000  1.00000  1.00000  0.81767  1.00000  0.00000  0.70373  0.99461
1.485281813e+00  0.00000  1.00000  1.00000  0.87497  1.00000  0.00000  0.70570  0.99438
1.488252376e+00  0.00001  1.00000  1.00000  0.91419  1.00000  0.00001  0.70766  0.99413
1.491228881e+00  0.06823  1.00000  1.00000  0.95631  1.00000  0.09678  0.70961  0.99388
1.494211339e+00  0.39345  1.00000  1.00000  0.96576  1.00000  0.56578  0.71155  0.99362
1.497199762e+00  0.65635  1.00000  1.00000  0.96136  1.00000  0.95277  0.71348  0.99335
1.500194161e+00  0.68306  1.00000  1.00000  0.96350  1.00000  0.99387  0.71540  0.99307
1.503194550e+00  0.68560  1.00000  1.00000  0.96294  1.00000  0.99905  0.71731  0.99278
1.506200939e+00  0.67837  1.00000  1.00000  0.95038  1.00000  0.99992  0.71921  0.99248
1.509213340e+00  0.68126  1.00000  1.00000  0.95220  1.00000  0.99999  0.72110  0.99217
1.512231767e+00  0.69459  1.00000  1.00000  0.96863  1.00000  1.00000  0.72298  0.99184
1.515256231e+00  0.69783  1.00000  1.00000  0.97098  1.00000  0.99999  0.72485  0.99150
1.518286743e+00  0.69969  1.00000  1.00000  0.97917  1.00000  0.99118  0.72671  0.99115
1.521323317e+00  0.43882  1.00000  1.00000  0.98808  1.00000  0.61178  0.72855  0.99079
1.524365963e+00  0.09411  1.00000  1.00000  0.98485  1.00000  0.13032  0.73039  0.99041
1.527414695e+00  0.00000  1.00000  1.00000  0.98678  1.00000  0.00000  0.73222  0.99002
1.530469525e+00  0.00000  1.00000  1.00000  0.98655  1.00000 -0.00000  0.73404  0.98961
1.533530464e+00  0.00000  1.00000  1.00000  0.98622  1.00000  0.00000  0.73585  0.98919
1.536597525e+00  0.00000  1.00000  1.00000  0.98764  1.00000  0.00000  0.73765  0.98875
1.539670720e+00  0.00000  1.00000  1.00000  0.98890  1.00000  0.00000  0.73944  0.98829
1.542750061e+00  0.00000  1.00000  1.00000  0.98967  1.00000  0.00000  0.74122  0.98782
1.545835561e+00  0.00000  1.00000  1.00000  0.98572  1.00000  0.00000  0.74299  0.98733
1.548927232e+00  0.00005  1.00000  1.00000  0.98390  1.00000  0.00007  0.74474  0.98682
1.552025087e+00  0.18105  1.00000  1.00000  0.98887  1.00000  0.24585  0.74649  0.98629
1.555129137e+00  0.53358  1.00000  1.00000  0.99196  1.00000  0.72536  0.74823  0.98574
1.558239395e+00  0.71112  1.00000  1.00000  0.98739  1.00000  0.96930  0.74996  0.98516
1.561355874e+00  0.72158  1.00000  1.00000  0.98821  1.00000  0.98215  0.75168  0.98456
1.564478586e+00  0.72802  1.00000  1.00000  0.98937  1.00000  0.99086  0.75339  0.98394
1.567607543e+00  0.73074  1.00000  1.00000  0.98573  0.99947  0.99806  0.75509  0.98329
1.570742758e+00  0.73142  1.00000  1.00000  0.98808  0.99452  0.99973  0.75678  0.98262
1.573884244e+00  0.73170  1.00000  1.00000  0.99357  0.98772  0.99996  0.75846  0.98192
1.577032012e+00  0.73676  1.00000  1.00000  0.99722  0.99011  0.99998  0.76013  0.98119
1.580186076e+00  0.74068  1.00000  1.00000  0.99839  0.99302  0.99997  0.76180  0.98043
1.583346448e+00  0.74210  1.00000  1.00000  0.99795  0.99454  0.99940  0.76345  0.97964
1.586513141e+00  0.72792  1.00000  1.00000  0.99774  0.99853  0.97494  0.76509  0.97881
1.589686167e+00  0.61613  1.00000  1.00000  0.99797  0.99986  0.82244  0.76672  0.97795
1.592865540e+00  0.38426  1.00000  1.00000  0.99849  0.99997  0.51210  0.76834  0.97706
1.596051271e+00  0.12898  1.00000  1.00000  0.99917  0.99999  0.17172  0.76996  0.97612
1.599243373e+00  0.00769  1.00000  1.00000  0.99925  1.00000  0.01022  0.77156  0.97514
1.602441860e+00  0.00035  1.00000  1.00000  0.99907  0.99999  0.00047  0.77316  0.97413
1.605646744e+00  0.00000  1.00000  1.00000  0.99894  0.99991  0.00000  0.77474  0.97307
1.608858037e+00  0.00000  1.00000  1.00000  0.99920  0.99980  0.00000  0.77632  0.97196
1.612075753e+00  0.00000  1.00000  1.00000  0.99959  0.99981  0.00000  0.77788  0.97081
1.615299905e+00  0.00284  1.00000  1.00000  0.99978  0.99987  0.00376  0.77944  0.96961
1.618530505e+00  0.16338  1.00000  1.00000  0.99788  0.99990  0.21600  0.78099  0.96835
1.621767566e+00  0.49797  1.00000  1.00000  0.99187  0.99997  0.65915  0.78253  0.96703
1.625011101e+00  0.70069  1.00000  1.00000  0.97498  0.99999  0.94239  0.78405  0.96567
1.628261123e+00  0.70697  1.00000  1.00000  0.93586  1.00000  0.99117  0.78557  0.96423
1.631517645e+00  0.59402  1.00000  1.00000  0.86193  1.00000  0.85938  0.78708  0.96272
1.634780681e+00  0.25704  1.00000  1.00000  0.70015  1.00000  0.37310  0.78859  0.96115
1.638050242e+00  0.01358  1.00000  1.00000  0.51907  1.00000  0.01900  0.79008  0.95949
1.641326342e+00  0.00000  1.00000  1.00000  0.40972  1.00000  0.00000  0.79156  0.95775
1.644608995e+00  0.00000  1.00000  1.00000  0.42686  1.00000  0.00000  0.79304  0.95593
1.647898213e+00  0.00000  1.00000  1.00000  0.44494  1.00000  0.00000  0.79450  0.95402
1.651194009e+00  0.00000  1.00000  1.00000  0.23877  1.00000  0.00000  0.79596  0.95200
1.654496398e+00  0.00001  1.00000  1.00000  0.12606  1.00000  0.00003  0.79740  0.94987
1.657805390e+00  0.02873  1.00000  1.00000  0.14920  1.00000  0.12475  0.79884  0.94764
1.661121001e+00  0.12244  1.00000  1.00000  0.19275  1.00000  0.55912  0.80027  0.94529
1.664443243e+00  0.15252  1.00000  1.00000  0.20500  1.00000  0.92171  0.80169  0.94282
1.667772130e+00  0.12181  1.00000  1.00000  0.16136  1.00000  0.99181  0.80310  0.94021
1.671107674e+00  0.20964  1.00000  1.00000  0.27803  1.00000  0.99840  0.80451  0.93748
1.674449889e+00  0.31039  1.00000  1.00000  0.41210  1.00000  0.99950  0.80590  0.93462
1.677798789e+00  0.34661  1.00000  1.00000  0.46087  1.00000  0.99971  0.80729  0.93165
1.681154387e+00  0.39253  1.00000  1.00000  0.52278  1.00000  0.99987  0.80866  0.92856
1.684516695e+00  0.49032  1.00000  1.00000  0.65425  1.00000  0.99997  0.81003  0.92532
1.687885729e+00  0.52622  1.00000  1.00000  0.70342  1.00000  0.99999  0.81139  0.92194
1.691261500e+00  0.45363  1.00000  1.00000  0.60768  1.00000  1.00000  0.81274  0.91838
1.694644023e+00  0.34442  1.00000  1.00000  0.46247  1.00000  1.00000  0.81409  0.91459
1.698033311e+00  0.23733  1.00000  1.00000  0.31955  1.00000  1.00000  0.81542  0.91056
1.701429378e+00  0.18403  1.00000  1.00000  0.24860  1.00000  1.00000  0.81675  0.90628
1.704832237e+00  0.13479  1.00000  1.00000  0.18264  1.00000  0.99999  0.81806  0.90168
1.708241901e+00  0.05934  1.00000  1.00000  0.08065  1.00000  0.99978  0.81937  0.89681
1.711658385e+00  0.01362  1.00000  1.00000  0.01859  1.00000  0.99819  0.82067  0.89161
1.715081702e+00  0.01364  1.00000  1.00000  0.01875  1.00000  0.99502  0.82196  0.88605
1.718511865e+00  0.03561  1.00000  1.00000  0.04920  1.00000  0.99351  0.82325  0.88014
1.721948889e+00  0.03301  1.00000  1.00000  0.04575  1.00000  0.99443  0.82452  0.87389
1.725392787e+00  0.01570  1.00000  1.00000  0.02190  1.00000  0.98100  0.82579  0.86731
1.728843572e+00  0.03744  1.00000  1.00000  0.05273  1.00000  0.98110  0.82705  0.86046
1.732301259e+00  0.13020  1.00000  1.00000  0.18447  1.00000  0.99371  0.82830  0.85354
1.735765862e+00  0.28702  1.00000  1.00000  0.40916  1.00000  0.99468  0.82954  0.84653
1.739237394e+00  0.41716  1.00000  1.00000  0.59844  1.00000  0.99656  0.83078  0.83939
1.742715868e+00  0.46609  1.00000  1.00000  0.67318  1.00000  0.99878  0.83201  0.83223
1.746201300e+00  0.48101  1.00000  1.00000  0.69975  1.00000  0.99964  0.83322  0.82507
1.749693703e+00  0.42441  1.00000  1.00000  0.62159  1.00000  0.99991  0.83444  0.81783
1.753193090e+00  0.39699  1.00000  1.00000  0.58645  1.00000  0.99998  0.83564  0.81035
1.756699476e+00  0.33072  1.00000  1.00000  0.49191  1.00000  1.00000  0.83683  0.80250
1.760212875e+00  0.27723  1.00000  1.00000  0.41679  1.00000  1.00000  0.83802  0.79415
1.763733301e+00  0.27286  1.00000  1.00000  0.41387  1.00000  1.00000  0.83920  0.78514
1.767260768e+00  0.20912  1.00000  1.00000  0.32067  1.00000  0.99999  0.84037  0.77538
1.770795289e+00  0.15048  1.00000  1.00000  0.23353  1.00000  0.99989  0.84154  0.76485
1.774336880e+00  0.08939  1.00000  1.00000  0.14043  1.00000  0.99781  0.84269  0.75348
1.777885553e+00  0.04280  1.00000  1.00000  0.06832  1.00000  0.97104  0.84384  0.74115
1.781441325e+00  0.03799  1.00000  1.00000  0.06894  1.00000  0.72328  0.84498  0.72786
1.785004207e+00  0.02401  1.00000  1.00000  0.08849  1.00000  0.25626  0.84612  0.71376
1.788574216e+00  0.00187  1.00000  1.00000  0.13261  1.00000  0.00836  0.84724  0.69885
1.792151364e+00  0.00000  1.00000  1.00000  0.13038  1.00000  0.00000  0.84836  0.68316
1.795735667e+00  0.00000  1.00000  1.00000  0.23390  1.00000  0.00000  0.84947  0.66691
1.799327138e+00  0.00000  1.00000  1.00000  0.36160  1.00000  0.00000  0.85058  0.65034
1.802925792e+00  0.00000  1.00000  1.00000  0.45665  1.00000  0.00000  0.85167  0.63380
1.806531644e+00  0.00000  1.00000  1.00000  0.51645  1.00000  0.00000  0.85276  0.61744
1.810144707e+00  0.03072  1.00000  1.00000  0.56658  1.00000  0.06444  0.85384  0.60121
1.813764997e+00  0.07614  1.00000  1.00000  0.68106  1.00000  0.16109  0.85492  0.58503
1.817392527e+00  0.05431  1.00000  1.00000  0.78474  1.00000  0.11519  0.85599  0.56881
1.821027312e+00  0.12736  1.00000  1.00000  0.85522  1.00000  0.27906  0.85705  0.55235
1.824669366e+00  0.31289  1.00000  1.00000  0.89469  1.00000  0.71436  0.85810  0.53539
1.828318705e+00  0.38773  1.00000  1.00000  0.89769  1.00000  0.95712  0.85915  0.51748
1.831975342e+00  0.35540  1.00000  1.00000  0.83165  1.00000  0.98994  0.86018  0.49814
1.835639293e+00  0.23565  1.00000  1.00000  0.74944  1.00000  0.67937  0.86122  0.47757
1.839310572e+00  0.07132  1.00000  1.00000  0.65279  1.00000  0.19154  0.86224  0.45589
1.842989193e+00  0.00000  1.00000  1.00000  0.49895  1.00000  0.00001  0.86326  0.43293
1.846675171e+00  0.00000  1.00000  1.00000  0.44856  1.00000  0.00000  0.86427  0.40900
1.850368522e+00  0.00000  1.00000  1.00000  0.49021  1.00000  0.00000  0.86527  0.38433
1.854069259e+00  0.00000  1.00000  1.00000  0.49678  1.00000  0.00000  0.86627  0.35898
1.857777397e+00  0.00000  1.00000  1.00000  0.57694  1.00000  0.00000  0.86726  0.33336
1.861492952e+00  0.00000  1.00000  1.00000  0.68542  1.00000  0.00000  0.86825  0.30772
1.865215938e+00  0.00000  1.00000  1.00000  0.80189  1.00000  0.00000  0.86922  0.28219
1.868946370e+00  0.00000  1.00000  1.00000  0.89505  1.00000  0.00000  0.87019  0.25751
1.872684262e+00  0.00000  1.00000  1.00000  0.92626  1.00000  0.00000  0.87116  0.23466
1.876429631e+00  0.00037  1.00000  1.00000  0.95540  1.00000  0.00209  0.87211  0.21393
1.880182490e+00  0.03249  1.00000  1.00000  0.97664  1.00000  0.19917  0.87306  0.19530
1.883942855e+00  0.09909  1.00000  1.00000  0.98353  1.00000  0.64988  0.87401  0.17859
1.887710741e+00  0.13393  1.00000  1.00000  0.98758  1.00000  0.94318  0.87495  0.16371
1.891486162e+00  0.12937  1.00000  1.00000  0.99121  1.00000  0.98921  0.87588  0.15035
1.895269135e+00  0.11895  1.00000  1.00000  0.98684  1.00000  0.99663  0.87680  0.13778
1.899059673e+00  0.10676  1.00000  1.00000  0.96854  1.00000  0.99940  0.87772  0.12553
1.902857792e+00  0.09534  1.00000  1.00000  0.95545  1.00000  0.99989  0.87863  0.11357
1.906663508e+00  0.08511  1.00000  1.00000  0.94830  1.00000  0.99999  0.87954  0.10200
1.910476835e+00  0.07334  1.00000  1.00000  0.91632  1.00000  1.00000  0.88044  0.09076
1.914297789e+00  0.06049  1.00000  1.00000  0.85623  1.00000  1.00000  0.88133  0.07995
1.918126384e+00  0.05055  1.00000  1.00000  0.81889  1.00000  1.00000  0.88221  0.06995
1.921962637e+00  0.04490  1.00000  1.00000  0.83678  1.00000  1.00000  0.88310  0.06087
1.925806562e+00  0.03613  1.00000  1.00000  0.77065  1.00000  1.00000  0.88397  0.05262
1.929658175e+00  0.02920  1.00000  1.00000  0.73404  1.00000  1.00000  0.88484  0.04516
1.933517492e+00  0.02738  1.00000  1.00000  0.80713  1.00000  1.00000  0.88570  0.03844
1.937384527e+00  0.02475  1.00000  1.00000  0.86269  1.00000  1.00000  0.88656  0.03243
1.941259296e+00  0.02126  1.00000  1.00000  0.88379  1.00000  1.00000  0.88741  0.02711
1.945141814e+00  0.01698  1.00000  1.00000  0.85080  1.00000  1.00000  0.88825  0.02238
1.949032098e+00  0.01343  1.00000  1.00000  0.82824  1.00000  0.99999  0.88909  0.01825
1.952930162e+00  0.01169  1.00000  1.00000  0.89685  1.00000  0.99999  0.88992  0.01476
1.956836022e+00  0.00971  1.00000  1.00000  0.91691  1.00000  0.99999  0.89075  0.01184
1.960749695e+00  0.00771  0.99999  1.00000  0.92418  1.00000  0.99999  0.89157  0.00940
1.964671194e+00  0.00630  0.99999  1.00000  0.95671  1.00000  0.99999  0.89238  0.00737
1.968600536e+00  0.00483  1.00000  1.00000  0.94638  1.00000  0.99999  0.89319  0.00571
1.972537737e+00  0.00370  1.00000  1.00000  0.95028  1.00000  0.99999  0.89400  0.00436
1.976482813e+00  0.00281  1.00000  1.00000  0.96447  1.00000  1.00000  0.89479  0.00325
1.980435778e+00  0.00209  1.00000  1.00000  0.98417  1.00000  1.00000  0.89559  0.00237
1.984396650e+00  0.00149  1.00000  1.00000  0.98829  1.00000  1.00000  0.89637  0.00168
1.988365443e+00  0.00103  1.00000  1.00000  0.99018  1.00000  1.00000  0.89715  0.00116
1.992342174e+00  0.00069  1.00000  1.00000  0.99547  1.00000  1.00000  0.89793  0.00077
1.996326859e+00  0.00045  1.00000  1.00000  0.99598  1.00000  1.00000  0.89870  0.00050
2.000319512e+00  0.00029  1.00000  1.00000  0.99909  1.00000  1.00000  0.89946  0.00032
2.004320151e+00  0.00018  1.00000  1.00000  0.99918  1.00000  1.00000  0.90022  0.00020
2.008328792e+00  0.00011  1.00000  1.00000  0.99993  1.00000  0.99999  0.90098  0.00012
2.012345449e+00  0.00007  1.00000  1.00000  0.99992  1.00000  0.99996  0.90172  0.00008
2.016370140e+00  0.00004  1.00000  1.00000  0.99998  1.00000  0.99986  0.90247  0.00005
2.020402880e+00  0.00002  1.00000  1.00000  0.99998  1.00000  0.99934  0.90320  0.00003
2.024443686e+00  0.00001  1.00000  1.00000  0.99999  1.00000  0.99373  0.90394  0.00002
2.028492574e+00  0.00001  1.00000  1.00000  1.00000  1.00000  0.92230  0.90466  0.00001
2.032549559e+00  0.00000  1.00000  1.00000  1.00000  1.00000  0.57894  0.90539  0.00001
2.036614658e+00  0.00000  0.99947  1.00000  1.00000  1.00000  0.15729  0.90610  0.00000
2.040687887e+00  0.00000  0.99951  1.00000  1.00000  1.00000  0.00369  0.90681  0.00000
2.044769263e+00  0.00000  1.00000  1.00000  1.00000  1.00000  0.00000  0.90752  0.00000
2.048858801e+00  0.00000  1.00000  1.00000  1.00000  1.00000  0.00000  0.90822  0.00000
2.052956519e+00  0.00000  1.00000  1.00000  1.00000  1.00000  0.00000  0.90892  0.00000
2.057062432e+00  0.00000  1.00000  1.00000  1.00000  1.00000  0.00000  0.90961  0.00000
2.061176557e+00  0.00000  1.00000  1.00000  1.00000  1.00000  0.00000  0.91029  0.00000
2.065298910e+00  0.00000  1.00000  1.00000  1.00000  1.00000  0.00946  0.91098  0.00000
2.069429508e+00  0.00000  1.00000  1.00000  1.00000  1.00000  0.19630  0.91165  0.00000
2.073568367e+00  0.00000  1.00000  1.00000  1.00000  1.00000  0.62405  0.91232  0.00000
2.077715504e+00  0.00000  1.00000  1.00000  1.00000  1.00000  0.92498  0.91299  0.00000
2.081870935e+00  0.00000  1.00000  1.00000  1.00000  1.00000  0.98851  0.91365  0.00000
2.086034676e+00  0.00000  1.00000  1.00000  1.00000  1.00000  0.99854  0.91431  0.00000
2.090206746e+00  0.00000  1.00000  1.00000  1.00000  1.00000  0.99978  0.91496  0.00000
2.094387159e+00  0.00000  1.00000  1.00000  1.00000  1.00000  0.99979  0.91561  0.00000
2.098575934e+00  0.00000  1.00000  1.00000  1.00000  1.00000  0.99907  0.91625  0.00000
2.102773085e+00  0.00000  1.00000  1.00000  1.00000  1.00000  0.99559  0.91689  0.00000
2.106978632e+00  0.00000  1.00000  1.00000  1.00000  1.00000  0.97546  0.91752  0.00000
2.111192589e+00  0.00000  0.99999  1.00000  1.00000  1.00000  0.76550  0.91815  0.00000
2.115414974e+00  0.00000  0.99993  1.00000  1.00000  1.00000  0.30404  0.91878  0.00000
2.119645804e+00  0.00000  0.99961  1.00000  0.99999  1.00000  0.02128  0.91940  0.00000
2.123885096e+00  0.00000  0.95855  1.00000  0.99998  1.00000  0.00000  0.92001  0.00000
2.128132866e+00  0.00000  0.96209  1.00000  0.99989  1.00000  0.00000  0.92062  0.00000
2.132389132e+00  0.00000  0.99955  1.00000  0.99979  1.00000  0.00000  0.92123  0.00000
2.136653910e+00  0.00000  0.99991  1.00000  0.99932  1.00000  0.00000  0.92183  0.00000
2.140927218e+00  0.00000  0.99998  1.00000  0.99921  1.00000  0.00000  0.92243  0.00000
2.145209072e+00  0.00000  1.00000  1.00000  0.99537  1.00000  0.00000  0.92302  0.00000
2.149499490e+00  0.00000  1.00000  1.00000  0.98539  1.00000  0.00000  0.92361  0.00000
2.153798489e+00  0.00000  1.00000  1.00000  0.97854  1.00000  0.00009  0.92419  0.00000
2.158106086e+00  0.00000  1.00000  1.00000  0.93521  1.00000  0.08591  0.92477  0.00000
2.162422298e+00  0.00000  1.00000  1.00000  0.85424  1.00000  0.48159  0.92535  0.00000
2.166747143e+00  0.00000  1.00000  1.00000  0.83302  1.00000  0.87922  0.92592  0.00000
2.171080637e+00  0.00000  1.00000  1.00000  0.71202  1.00000  0.98650  0.92649  0.00000
2.175422799e+00  0.00000  1.00000  1.00000  0.40714  1.00000  0.99648  0.92705  0.00000
2.179773644e+00  0.00000  1.00000  1.00000  0.20437  1.00000  0.99909  0.92761  0.00000
2.184133191e+00  0.00000  1.00000  1.00000  0.25164  1.00000  0.99985  0.92817  0.00000
2.188501458e+00  0.00000  1.00000  1.00000  0.35948  1.00000  0.99997  0.92872  0.00000
2.192878461e+00  0.00000  1.00000  1.00000  0.35092  1.00000  1.00000  0.92926  0.00000
2.197264218e+00  0.00000  1.00000  1.00000  0.26857  1.00000  1.00000  0.92981  0.00000
2.201658746e+00  0.00000  1.00000  1.00000  0.17901  1.00000  1.00000  0.93035  0.00000
2.206062064e+00  0.00000  1.00000  1.00000  0.07386  1.00000  1.00000  0.93088  0.00000
2.210474188e+00  0.00000  1.00000  1.00000  0.32591  1.00000  1.00000  0.93141  0.00000
2.214895136e+00  0.00000  0.99971  1.00000  0.45953  1.00000  1.00000  0.93194  0.00000
2.219324926e+00  0.00000  0.99873  1.00000  0.25940  1.00000  1.00000  0.93246  0.00000
2.223763576e+00  0.00000  0.91239  1.00000  0.22071  1.00000  1.00000  0.93298  0.00000
2.228211103e+00  0.00000  0.90266  1.00000  0.25113  1.00000  1.00000  0.93350  0.00000
2.232667526e+00  0.00000  0.98253  1.00000  0.33744  1.00000  1.00000  0.93401  0.00000
2.237132861e+00  0.00000  0.99905  1.00000  0.43959  1.00000  1.00000  0.93452  0.00000
2.241607126e+00  0.00000  0.99978  1.00000  0.53072  1.00000  1.00000  0.93502  0.00000
2.246090341e+00  0.00000  1.00000  1.00000  0.63437  1.00000  1.00000  0.93552  0.00000
2.250582521e+00  0.00000  1.00000  1.00000  0.59353  1.00000  1.00000  0.93602  0.00000
2.255083686e+00  0.00000  1.00000  1.00000  0.42969  1.00000  1.00000  0.93651  0.00000
2.259593854e+00  0.00000  1.00000  1.00000  0.40834  1.00000  1.00000  0.93700  0.00000
2.264113041e+00  0.00000  1.00000  1.00000  0.35859  1.00000  1.00000  0.93748  0.00000
2.268641267e+00  0.00000  1.00000  1.00000  0.26206  1.00000  1.00000  0.93797  0.00000
2.273178550e+00  0.00000  1.00000  1.00000  0.17411  1.00000  1.00000  0.93844  0.00000
2.277724907e+00  0.00000  1.00000  1.00000  0.06822  1.00000  1.00000  0.93892  0.00000
2.282280357e+00  0.00000  1.00000  1.00000  0.03949  1.00000  1.00000  0.93939  0.00000
2.286844918e+00  0.00000  1.00000  1.00000  0.01841  1.00000  1.00000  0.93986  0.00000
2.291418607e+00  0.00000  1.00000  1.00000  0.00105  1.00000  1.00000  0.94032  0.00000
2.296001445e+00  0.00000  1.00000  1.00000  0.00033  1.00000  1.00000  0.94078  0.00000
2.300593448e+00  0.00000  1.00000  1.00000  0.00030  1.00000  1.00000  0.94124  0.00000
2.305194634e+00  0.00000  1.00000  1.00000  0.00027  1.00000  1.00000  0.94169  0.00000
2.309805024e+00  0.00000  1.00000  1.00000  0.00000  1.00000  1.00000  0.94214  0.00000
2.314424634e+00  0.00000  1.00000  1.00000  0.00252  1.00000  1.00000  0.94259  0.00000
2.319053483e+00  0.00000  1.00000  1.00000  0.00420  0.99996  1.00000  0.94303  0.00000
2.323691590e+00  0.00000  1.00000  1.00000  0.00186  0.99929  1.00000  0.94347  0.00000
2.328338973e+00  0.00000  1.00000  1.00000  0.00036  0.99030  0.99999  0.94391  0.00000
2.332995651e+00  0.00000  1.00000  1.00000  0.00063  0.94824  0.99997  0.94435  0.00000
2.337661642e+00  0.00000  1.00000  1.00000  0.01661  0.86172  0.99990  0.94478  0.00000
2.342336966e+00  0.00000  1.00000  1.00000  0.02318  0.80349  0.99963  0.94520  0.00000
2.347021640e+00  0.00000  1.00000  1.00000  0.05869  0.82110  0.99831  0.94563  0.00000
2.351715683e+00  0.00000  1.00000  1.00000  0.05469  0.87744  0.98904  0.94605  0.00000
2.356419114e+00  0.00000  1.00000  1.00000  0.01422  0.85419  0.90576  0.94647  0.00000
2.361131953e+00  0.00000  1.00000  1.00000  0.00623  0.84539  0.59236  0.94688  0.00000
2.365854216e+00  0.00000  1.00000  1.00000  0.00012  0.91138  0.19060  0.94729  0.00000
2.370585925e+00  0.00000  1.00000  1.00000  0.00011  0.96069  0.01307  0.94770  0.00000
2.375327097e+00  0.00000  1.00000  1.00000  0.00122  0.98348  0.00000  0.94811  0.00000
2.380077751e+00  0.00000  1.00000  1.00000  0.00411  0.99117  0.00000  0.94851  0.00000
2.384837906e+00  0.00000  1.00000  1.00000  0.00433  0.99465  0.00000  0.94891  0.00000
2.389607582e+00 -0.00000  1.00000  1.00000  0.02214  0.99000  0.00000  0.94930  0.00000
2.394386797e+00  0.00000  0.99998  1.00000  0.08376  0.97888  0.00000  0.94970  0.00000
2.399175571e+00  0.00000  0.99993  1.00000  0.26803  0.97527  0.00000  0.95009  0.00000
2.403973922e+00  0.00000  0.99968  1.00000  0.36101  0.98539  0.00000  0.95047  0.00000
2.408781870e+00  0.00000  0.96121  1.00000  0.29601  0.98455  0.00000  0.95086  0.00000
2.413599434e+00  0.00000  0.96405  1.00000  0.19111  0.98180  0.00000  0.95124  0.00000
2.418426633e+00  0.00000  0.99917  1.00000  0.14583  0.98960  0.00004  0.95162  0.00000
2.423263486e+00  0.00000  0.99990  1.00000  0.12731  0.99621  0.05176  0.95199  0.00000
2.428110013e+00  0.00000  0.99998  1.00000  0.11285  0.99903  0.37590  0.95237  0.00000
2.432966233e+00  0.00000  1.00000  1.00000  0.23967  0.99982  0.78708  0.95274  0.00000
2.437832165e+00  0.00000  1.00000  1.00000  0.31414  0.99995  0.96164  0.95310  0.00000
2.442707830e+00  0.00000  1.00000  1.00000  0.33524  0.99998  0.99366  0.95347  0.00000
2.447593245e+00  0.00000  1.00000  1.00000  0.42361  0.99997  0.99823  0.95383  0.00000
2.452488432e+00  0.00000  1.00000  1.00000  0.52368  0.99996  0.99576  0.95419  0.00000
2.457393409e+00  0.00000  1.00000  1.00000  0.61174  0.99993  0.96040  0.95455  0.00000
2.462308195e+00  0.00000  1.00000  1.00000  0.67960  0.99995  0.57695  0.95490  0.00000
2.467232812e+00  0.00000  1.00000  1.00000  0.72073  0.99997  0.12149  0.95525  0.00000
2.472167277e+00  0.00000  0.99985  1.00000  0.68599  0.99995  0.00000  0.95560  0.00000
2.477111612e+00  0.00000  0.99987  1.00000  0.72998  0.99996 -0.00000  0.95594  0.00000
2.482065835e+00  0.00000  1.00000  1.00000  0.82066  0.99999  0.00000  0.95629  0.00000
2.487029967e+00  0.00000  1.00000  1.00000  0.75764  1.00000  0.00000  0.95663  0.00001
2.492004027e+00  0.00000  1.00000  1.00000  0.67863  1.00000  0.00000  0.95696  0.00003
2.496988035e+00  0.00000  1.00000  1.00000  0.80006  1.00000  0.00000  0.95730  0.00006
2.501982011e+00  0.00000  1.00000  1.00000  0.73928  1.00000  0.00000  0.95763  0.00015
2.506985975e+00  0.00000  1.00000  1.00000  0.71265  1.00000  0.00000  0.95796  0.00031
2.511999947e+00  0.00000  1.00000  1.00000  0.72386  1.00000  0.00000  0.95829  0.00063
2.517023947e+00  0.00000  1.00000  1.00000  0.62133  1.00000  0.00000  0.95862  0.00120
2.522057995e+00  0.00000  1.00000  1.00000  0.57536  1.00000  0.00000  0.95894  0.00214
2.527102111e+00  0.00000  1.00000  1.00000  0.55503  1.00000  0.00000  0.95926  0.00360
2.532156315e+00  0.00000  1.00000  1.00000  0.52918  1.00000  0.00000  0.95958  0.00573
2.537220628e+00  0.00011  1.00000  1.00000  0.45498  1.00000  0.01346  0.95989  0.00859
2.542295069e+00  0.00329  1.00000  1.00000  0.55486  1.00000  0.29475  0.96020  0.01232
2.547379659e+00  0.00864  1.00000  1.00000  0.63007  1.00000  0.75271  0.96051  0.01708
2.552474418e+00  0.01090  1.00000  1.00000  0.51129  1.00000  0.96514  0.96082  0.02283
2.557579367e+00  0.01243  1.00000  1.00000  0.43897  1.00000  0.98553  0.96113  0.02945
2.562694526e+00  0.01911  1.00000  1.00000  0.52988  1.00000  0.99154  0.96143  0.03688
2.567819915e+00  0.01882  1.00000  1.00000  0.44920  1.00000  0.99616  0.96173  0.04503
2.572955555e+00  0.01140  0.99904  1.00000  0.22692  1.00000  0.99882  0.96203  0.05359
2.578101466e+00  0.00716  0.99912  1.00000  0.12179  1.00000  0.99971  0.96233  0.06238
2.583257669e+00  0.00866  0.99974  1.00000  0.12382  1.00000  0.99994  0.96262  0.07137
2.588424184e+00  0.00968  0.99977  1.00000  0.12665  1.00000  0.99999  0.96291  0.08041
2.593601033e+00  0.01518  1.00000  1.00000  0.17416  1.00000  1.00000  0.96320  0.08885
2.598788235e+00  0.03267  1.00000  1.00000  0.34586  1.00000  1.00000  0.96349  0.09689
2.603985811e+00  0.03502  1.00000  1.00000  0.34863  1.00000  1.00000  0.96378  0.10533
2.609193783e+00  0.05163  1.00000  1.00000  0.46041  1.00000  1.00000  0.96406  0.11441
2.614412170e+00  0.08065  1.00000  1.00000  0.67051  1.00000  1.00000  0.96434  0.12448
2.619640995e+00  0.10452  1.00000  1.00000  0.79334  1.00000  1.00000  0.96462  0.13589
2.624880277e+00  0.13293  1.00000  1.00000  0.92367  1.00000  1.00000  0.96490  0.14883
2.630130037e+00  0.15365  0.99968  1.00000  0.97071  1.00000  1.00000  0.96517  0.16396
2.635390297e+00  0.17184  0.99246  1.00000  0.98282  1.00000  1.00000  0.96544  0.18205
2.640661078e+00  0.19319  0.99338  1.00000  0.98717  1.00000  1.00000  0.96571  0.20357
2.645942400e+00  0.21718  0.99999  1.00000  0.98462  1.00000  1.00000  0.96598  0.22835
2.651234285e+00  0.24466  1.00000  1.00000  0.99081  1.00000  1.00000  0.96625  0.25546
2.656536753e+00  0.27302  1.00000  1.00000  0.99272  1.00000  1.00000  0.96651  0.28461
2.661849827e+00  0.30293  1.00000  1.00000  0.99404  1.00000  1.00000  0.96677  0.31513
2.667173526e+00  0.33448  1.00000  1.00000  0.99900  1.00000  1.00000  0.96703  0.34622
2.672507874e+00  0.36411  1.00000  1.00000  0.99826  1.00000  1.00000  0.96729  0.37709
2.677852889e+00  0.39215  0.99999  1.00000  0.99628  1.00000  1.00000  0.96755  0.40684
2.683208595e+00  0.41977  0.99998  1.00000  0.99633  1.00000  1.00000  0.96780  0.43532
2.688575012e+00  0.44529  0.99984  1.00000  0.99580  1.00000  1.00000  0.96805  0.46202
2.693952162e+00  0.46054  0.98198  1.00000  0.99512  1.00000  1.00000  0.96830  0.48617
2.699340067e+00  0.48241  0.98366  1.00000  0.99542  1.00000  1.00000  0.96855  0.50783
2.704738747e+00  0.50842  0.99995  1.00000  0.99613  1.00000  1.00000  0.96880  0.52685
2.710148224e+00  0.52358  0.99999  1.00000  0.99514  1.00000  1.00000  0.96904  0.54296
2.715568521e+00  0.53565  1.00000  1.00000  0.99336  1.00000  1.00000  0.96929  0.55632
2.720999658e+00  0.54543  1.00000  1.00000  0.99224  1.00000  1.00000  0.96953  0.56698
2.726441657e+00  0.55092  1.00000  1.00000  0.98801  1.00000  1.00000  0.96977  0.57500
2.731894540e+00  0.55625  1.00000  1.00000  0.98784  1.00000  1.00000  0.97000  0.58050
2.737358329e+00  0.56083  1.00000  1.00000  0.99020  1.00000  1.00000  0.97024  0.58376
2.742833046e+00  0.56156  1.00000  1.00000  0.98897  1.00000  1.00000  0.97047  0.58510
2.748318712e+00  0.56028  1.00000  1.00000  0.98695  1.00000  1.00000  0.97070  0.58482
2.753815350e+00  0.55733  1.00000  1.00000  0.98424  1.00000  1.00000  0.97093  0.58321
2.759322980e+00  0.55688  0.99989  1.00000  0.98764  1.00000  1.00000  0.97116  0.58064
2.764841626e+00  0.55630  0.99990  1.00000  0.99204  1.00000  1.00000  0.97139  0.57732
2.770371309e+00  0.55149  1.00000  1.00000  0.98807  1.00000  0.99997  0.97161  0.57446
2.775912052e+00  0.55205  1.00000  1.00000  0.99074  1.00000  0.99987  0.97183  0.57342
2.781463876e+00  0.55590  1.00000  1.00000  0.99619  1.00000  0.99906  0.97205  0.57446
2.787026804e+00  0.55817  1.00000  1.00000  0.99554  1.00000  0.99778  0.97227  0.57763
2.792600858e+00  0.56216  1.00000  1.00000  0.99612  1.00000  0.99473  0.97249  0.58301
2.798186059e+00  0.56120  1.00000  1.00000  0.99783  1.00000  0.97818  0.97271  0.59079
2.803782431e+00  0.51835  0.99999  1.00000  0.99862  1.00000  0.88758  0.97292  0.60111
2.809389996e+00  0.30325  0.99999  1.00000  0.99873  1.00000  0.51093  0.97313  0.61424
2.815008776e+00  0.06810  1.00000  1.00000  0.99795  1.00000  0.11260  0.97335  0.63047
2.820638794e+00  0.00109  0.99999  1.00000  0.99225  1.00000  0.00176  0.97355  0.65018
2.826280071e+00  0.00000  0.99613  1.00000  0.98050  1.00000  0.00000  0.97376  0.67204
2.831932632e+00  0.00000  0.99647  1.00000  0.96495  1.00000  0.00000  0.97397  0.69437
2.837596497e+00  0.00000  1.00000  1.00000  0.95126  1.00000  0.00000  0.97417  0.71709
2.843271690e+00  0.00000  1.00000  1.00000  0.94953  1.00000  0.00000  0.97438  0.73996
2.848958233e+00  0.00000  1.00000  1.00000  0.96052  1.00000  0.00000  0.97458  0.76217
2.854656150e+00  0.00000  1.00000  1.00000  0.97434  1.00000  0.00000  0.97478  0.78333
2.860365462e+00  0.00000  1.00000  1.00000  0.93631  1.00000  0.00000  0.97498  0.80332
2.866086193e+00  0.00000  1.00000  1.00000  0.93631  1.00000  0.00000  0.97517  0.82179
2.871818365e+00  0.00000  1.00000  1.00000  0.97057  1.00000  0.00000  0.97537  0.83870
2.877562002e+00  0.20506  1.00000  1.00000  0.96581  1.00000  0.24415  0.97556  0.85433
2.883317126e+00  0.62985  1.00000  1.00000  0.97785  1.00000  0.74569  0.97575  0.86881
2.889083760e+00  0.83919  1.00000  1.00000  0.97497  1.00000  1.00000  0.97594  0.88205
2.894861928e+00  0.84542  1.00000  1.00000  0.96882  1.00000  1.00000  0.97613  0.89392
2.900651652e+00  0.86720  0.99993  1.00000  0.98197  1.00000  1.00000  0.97632  0.90456
2.906452955e+00  0.88536  0.99993  1.00000  0.99180  1.00000  1.00000  0.97651  0.91417
2.912265861e+00  0.89853  1.00000  1.00000  0.99691  1.00000  1.00000  0.97669  0.92282
2.918090393e+00  0.90715  1.00000  1.00000  0.99789  1.00000  1.00000  0.97688  0.93058
2.923926573e+00  0.91503  1.00000  1.00000  0.99889  1.00000  1.00000  0.97706  0.93756
2.929774426e+00  0.92194  1.00000  1.00000  0.99965  1.00000  0.99998  0.97724  0.94376
2.935633975e+00  0.92732  1.00000  1.00000  0.99983  1.00000  0.99961  0.97742  0.94927
2.941505243e+00  0.93037  1.00000  1.00000  0.99983  1.00000  0.99747  0.97759  0.95426
2.947388254e+00  0.93114  1.00000  1.00000  0.99965  1.00000  0.99353  0.97777  0.95879
2.953283030e+00  0.89806  1.00000  1.00000  0.99895  1.00000  0.95440  0.97795  0.96284
2.959189596e+00  0.51765  1.00000  1.00000  0.99714  1.00000  0.54862  0.97812  0.96649
2.965107976e+00  0.09461  1.00000  1.00000  0.99104  1.00000  0.09991  0.97829  0.96976
2.971038191e+00  0.00000  1.00000  1.00000  0.98212  1.00000  0.00000  0.97846  0.97264
2.976980268e+00  0.00000  1.00000  1.00000  0.97325  1.00000  0.00000  0.97863  0.97517
2.982934228e+00  0.00000  1.00000  1.00000  0.96587  1.00000  0.00000  0.97880  0.97745
2.988900097e+00  0.00000  1.00000  1.00000  0.97274  1.00000  0.00000  0.97897  0.97952
2.994877897e+00  0.00000  1.00000  1.00000  0.97027  1.00000  0.00000  0.97913  0.98136
3.000867653e+00  0.00000  1.00000  1.00000  0.95741  1.00000  0.00000  0.97930  0.98301
3.006869388e+00  0.00000  1.00000  1.00000  0.97240  1.00000  0.00000  0.97946  0.98452
3.012883127e+00  0.00000  1.00000  1.00000  0.98550  1.00000  0.00000  0.97962  0.98588
3.018908893e+00  0.00000  1.00000  1.00000  0.98733  1.00000  0.00000  0.97978  0.98709
3.024946711e+00  0.00000  1.00000  1.00000  0.99393  1.00000  0.00000  0.97994  0.98817
3.030996604e+00  0.00000  1.00000  1.00000  0.99687  1.00000  0.00000  0.98010  0.98914
3.037058598e+00  0.00000  1.00000  1.00000  0.99813  1.00000  0.00000  0.98026  0.99001
3.043132715e+00  0.00000  1.00000  1.00000  0.99922  1.00000  0.00000  0.98041  0.99081
3.049218980e+00  0.00000  1.00000  1.00000  0.99971  1.00000  0.00000  0.98057  0.99153
3.055317418e+00  0.00000  1.00000  1.00000  0.99988  1.00000  0.00000  0.98072  0.99216
3.061428053e+00  0.00000  1.00000  1.00000  0.99995  1.00000  0.00000  0.98087  0.99272
3.067550909e+00  0.00000  1.00000  1.00000  0.99999  1.00000  0.00000  0.98102  0.99323
3.073686011e+00  0.00000  1.00000  1.00000  1.00000  1.00000  0.00000  0.98117  0.99367
3.079833383e+00  0.00000  1.00000  1.00000  1.00000  1.00000  0.00000  0.98132  0.99407
3.085993050e+00  0.00000  1.00000  1.00000  1.00000  1.00000  0.00000  0.98147  0.99443
3.092165036e+00  0.00011  1.00000  1.00000  1.00000  1.00000  0.00011  0.98161  0.99476
3.098349366e+00  0.08532  1.00000  1.00000  1.00000  1.00000  0.08732  0.98176  0.99507
3.104546065e+00  0.47647  1.00000  1.00000  0.99999  1.00000  0.48745  0.98190  0.99535
3.110755157e+00  0.84959  1.00000  1.00000  0.99997  1.00000  0.86892  0.98205  0.99560
3.116976667e+00  0.94331  1.00000  1.00000  0.99995  1.00000  0.96443  0.98219  0.99583
3.123210620e+00  0.96134  1.00000  1.00000  0.99994  1.00000  0.98254  0.98233  0.99604
3.129457042e+00  0.96737  1.00000  1.00000  0.99914  1.00000  0.98877  0.98247  0.99622
3.135715956e+00  0.97231  1.00000  1.00000  0.99869  1.00000  0.99390  0.98261  0.99639
3.141987388e+00  0.97296  1.00000  1.00000  0.99501  1.00000  0.99792  0.98274  0.99653
3.148271362e+00  0.97021  1.00000  1.00000  0.99077  1.00000  0.99917  0.98288  0.99667
3.154567905e+00  0.97054  1.00000  1.00000  0.99055  1.00000  0.99988  0.98301  0.99679
3.160877041e+00  0.93575  1.00000  1.00000  0.95476  1.00000  0.99998  0.98315  0.99690
3.167198795e+00  0.91934  1.00000  1.00000  0.93779  1.00000  1.00000  0.98328  0.99699
3.173533193e+00  0.87766  1.00000  1.00000  0.89509  1.00000  1.00000  0.98341  0.99707
3.179880259e+00  0.81354  1.00000  1.00000  0.82951  1.00000  1.00000  0.98354  0.99715
3.186240020e+00  0.77779  1.00000  1.00000  0.79291  1.00000  1.00000  0.98367  0.99721
3.192612500e+00  0.69780  1.00000  1.00000  0.71124  1.00000  1.00000  0.98380  0.99726
3.198997725e+00  0.71163  1.00000  1.00000  0.72520  1.00000  1.00000  0.98393  0.99730
3.205395720e+00  0.52406  1.00000  1.00000  0.53399  1.00000  1.00000  0.98406  0.99733
3.211806511e+00  0.47015  1.00000  1.00000  0.47896  1.00000  1.00000  0.98418  0.99736
3.218230124e+00  0.35104  1.00000  1.00000  0.35759  1.00000  1.00000  0.98431  0.99739
3.224666585e+00  0.24503  1.00000  1.00000  0.24955  1.00000  1.00000  0.98443  0.99740
3.231115918e+00  0.23315  1.00000  1.00000  0.23743  1.00000  1.00000  0.98456  0.99741
3.237578150e+00  0.06921  1.00000  1.00000  0.07047  1.00000  1.00000  0.98468  0.99741
3.244053306e+00  0.01924  1.00000  1.00000  0.01959  1.00000  1.00000  0.98480  0.99742
3.250541413e+00  0.00008  1.00000  1.00000  0.00008  1.00000  1.00000  0.98492  0.99742
3.257042495e+00  0.00001  1.00000  1.00000  0.00001  1.00000  1.00000  0.98504  0.99742
3.263556580e+00  0.00000  1.00000  1.00000  0.00000  1.00000  1.00000  0.98516  0.99743
3.270083694e+00  0.00000  1.00000  1.00000  0.00000  1.00000  1.00000  0.98527  0.99743
3.276623861e+00  0.00000  1.00000  1.00000  0.00000  1.00000  1.00000  0.98539  0.99743
3.283177109e+00  0.00000  1.00000  1.00000  0.00000  1.00000  1.00000  0.98551  0.99744
3.289743463e+00  0.00000  1.00000  1.00000  0.00000  1.00000  1.00000  0.98562  0.99744
3.296322950e+00  0.00000  1.00000  1.00000  0.00000  1.00000  1.00000  0.98573  0.99744
3.302915596e+00  0.00000  1.00000  1.00000  0.00000  1.00000  1.00000  0.98585  0.99744
3.309521427e+00  0.00000  1.00000  1.00000  0.00000  1.00000  1.00000  0.98596  0.99745
3.316140470e+00  0.00000  1.00000  1.00000  0.00000  1.00000  1.00000  0.98607  0.99745
3.322772751e+00  0.00000  1.00000  1.00000  0.00000  1.00000  1.00000  0.98618  0.99745
3.329418296e+00  0.00000  1.00000  1.00000  0.00000  1.00000  1.00000  0.98629  0.99745
3.336077133e+00  0.00000  1.00000  1.00000  0.00000  1.00000  1.00000  0.98640  0.99745
3.342749287e+00  0.00000  1.00000  1.00000  0.00000  1.00000  1.00000  0.98650  0.99745
3.349434786e+00  0.00000  1.00000  1.00000  0.00000  1.00000  1.00000  0.98661  0.99745
3.356133655e+00  0.00000  1.00000  1.00000  0.00000  1.00000  1.00000  0.98672  0.99746
3.362845923e+00  0.00000  1.00000  1.00000  0.00000  1.00000  1.00000  0.98682  0.99746
3.369571614e+00  0.00000  1.00000  1.00000  0.00000  1.00000  1.00000  0.98693  0.99746
3.376310758e+00  0.00113  1.00000  1.00000  0.00114  1.00000  1.00000  0.98703  0.99746
3.383063379e+00  0.00189  1.00000  1.00000  0.00192  1.00000  1.00000  0.98713  0.99746
3.389829506e+00  0.03313  1.00000  1.00000  0.03365  1.00000  1.00000  0.98723  0.99746
3.396609165e+00  0.06932  1.00000  1.00000  0.07038  1.00000  1.00000  0.98733  0.99746
3.403402383e+00  0.17618  1.00000  1.00000  0.17887  1.00000  1.00000  0.98743  0.99746
3.410209188e+00  0.17103  1.00000  1.00000  0.17364  1.00000  1.00000  0.98753  0.99746
3.417029606e+00  0.16687  1.00000  1.00000  0.16938  1.00000  1.00000  0.98763  0.99746
3.423863666e+00  0.28922  1.00000  1.00000  0.29356  1.00000  1.00000  0.98773  0.99746
3.430711393e+00  0.16086  1.00000  1.00000  0.16327  1.00000  1.00000  0.98783  0.99746
3.437572816e+00  0.05094  1.00000  1.00000  0.05170  1.00000  1.00000  0.98792  0.99746
3.444447961e+00  0.11141  1.00000  1.00000  0.11305  1.00000  1.00000  0.98802  0.99745
3.451336857e+00  0.06191  1.00000  1.00000  0.06282  1.00000  1.00000  0.98811  0.99745
3.458239531e+00  0.05163  1.00000  1.00000  0.05238  1.00000  1.00000  0.98821  0.99745
3.465156010e+00  0.07732  1.00000  1.00000  0.07843  1.00000  1.00000  0.98830  0.99745
3.472086322e+00  0.03239  1.00000  1.00000  0.03285  1.00000  1.00000  0.98839  0.99745
3.479030495e+00  0.00441  1.00000  1.00000  0.00448  1.00000  1.00000  0.98849  0.99745
3.485988556e+00  0.00769  1.00000  1.00000  0.00780  1.00000  1.00000  0.98858  0.99745
3.492960533e+00  0.00736  1.00000  1.00000  0.00746  1.00000  1.00000  0.98867  0.99744
3.499946454e+00  0.00091  1.00000  1.00000  0.00092  1.00000  1.00000  0.98876  0.99744
3.506946347e+00  0.00033  1.00000  1.00000  0.00033  1.00000  1.00000  0.98885  0.99744
3.513960240e+00  0.00005  1.00000  1.00000  0.00005  1.00000  1.00000  0.98893  0.99744
3.520988160e+00  0.02085  1.00000  1.00000  0.02113  1.00000  1.00000  0.98902  0.99744
3.528030136e+00  0.06151  1.00000  1.00000  0.06234  1.00000  1.00000  0.98911  0.99743
3.535086197e+00  0.03885  1.00000  1.00000  0.03938  1.00000  1.00000  0.98920  0.99743
3.542156369e+00  0.00009  1.00000  1.00000  0.00010  1.00000  1.00000  0.98928  0.99743
3.549240682e+00  0.00025  1.00000  1.00000  0.00026  1.00000  1.00000  0.98937  0.99742
3.556339163e+00  0.00106  1.00000  1.00000  0.00107  1.00000  1.00000  0.98945  0.99742
3.563451841e+00  0.00762  1.00000  1.00000  0.00772  1.00000  1.00000  0.98953  0.99742
3.570578745e+00  0.01596  1.00000  1.00000  0.01616  1.00000  1.00000  0.98962  0.99741
3.577719903e+00  0.02636  1.00000  1.00000  0.02671  1.00000  1.00000  0.98970  0.99741
3.584875342e+00  0.02254  1.00000  1.00000  0.02284  1.00000  1.00000  0.98978  0.99741
3.592045093e+00  0.01879  1.00000  1.00000  0.01903  1.00000  1.00000  0.98986  0.99740
3.599229183e+00  0.10274  1.00000  1.00000  0.10405  1.00000  1.00000  0.98994  0.99740
3.606427642e+00  0.21930  1.00000  1.00000  0.22209  1.00000  1.00000  0.99002  0.99739
3.613640497e+00  0.19443  1.00000  1.00000  0.19689  1.00000  1.00000  0.99010  0.99739
3.620867778e+00  0.29452  1.00000  1.00000  0.29822  1.00000  1.00000  0.99018  0.99738
3.628109513e+00  0.37018  1.00000  1.00000  0.37481  1.00000  1.00000  0.99026  0.99738
3.635365732e+00  0.48788  1.00000  1.00000  0.49393  1.00000  1.00000  0.99033  0.99737
3.642636464e+00  0.62316  1.00000  1.00000  0.63085  1.00000  1.00000  0.99041  0.99737
3.649921737e+00  0.51223  1.00000  1.00000  0.51852  1.00000  1.00000  0.99049  0.99736
3.657221580e+00  0.67409  1.00000  1.00000  0.68231  1.00000  1.00000  0.99056  0.99736
3.664536024e+00  0.78603  1.00000  1.00000  0.79557  1.00000  1.00000  0.99064  0.99735
3.671865096e+00  0.67840  1.00000  1.00000  0.68658  1.00000  1.00000  0.99071  0.99734
3.679208826e+00  0.77486  1.00000  1.00000  0.78415  1.00000  1.00000  0.99078  0.99734
3.686567243e+00  0.75670  1.00000  1.00000  0.76573  1.00000  1.00000  0.99086  0.99733
3.693940378e+00  0.51143  1.00000  1.00000  0.51750  1.00000  1.00000  0.99093  0.99732
3.701328259e+00  0.61103  1.00000  1.00000  0.61823  1.00000  1.00000  0.99100  0.99732
3.708730915e+00  0.79013  1.00000  1.00000  0.79940  1.00000  1.00000  0.99107  0.99731
3.716148377e+00  0.44874  1.00000  1.00000  0.45399  1.00000  1.00000  0.99114  0.99730
3.723580674e+00  0.40595  1.00000  1.00000  0.41065  1.00000  1.00000  0.99121  0.99730
3.731027835e+00  0.61625  1.00000  1.00000  0.62336  1.00000  1.00000  0.99128  0.99729
3.738489891e+00  0.37655  1.00000  1.00000  0.38087  1.00000  1.00000  0.99135  0.99728
3.745966871e+00  0.21816  1.00000  1.00000  0.22065  1.00000  1.00000  0.99142  0.99727
3.753458804e+00  0.31709  1.00000  1.00000  0.32069  1.00000  1.00000  0.99149  0.99726
3.760965722e+00  0.37590  1.00000  1.00000  0.38014  1.00000  1.00000  0.99156  0.99726
3.768487653e+00  0.22073  1.00000  1.00000  0.22322  1.00000  1.00000  0.99162  0.99725
3.776024629e+00  0.08711  1.00000  1.00000  0.08808  1.00000  1.00000  0.99169  0.99724
3.783576678e+00  0.12237  1.00000  1.00000  0.12373  1.00000  1.00000  0.99176  0.99723
3.791143831e+00  0.13641  1.00000  1.00000  0.13792  1.00000  1.00000  0.99182  0.99722
3.798726119e+00  0.08839  1.00000  1.00000  0.08936  1.00000  1.00000  0.99189  0.99721
3.806323571e+00  0.06003  1.00000  1.00000  0.06069  1.00000  1.00000  0.99195  0.99720
3.813936218e+00  0.14683  1.00000  1.00000  0.14843  1.00000  1.00000  0.99201  0.99719
3.821564091e+00  0.18712  1.00000  1.00000  0.18915  1.00000  1.00000  0.99208  0.99718
3.829207219e+00  0.14272  1.00000  1.00000  0.14426  1.00000  1.00000  0.99214  0.99717
3.836865633e+00  0.12827  1.00000  1.00000  0.12964  1.00000  1.00000  0.99220  0.99716
3.844539365e+00  0.08897  1.00000  1.00000  0.08992  1.00000  1.00000  0.99226  0.99715
3.852228443e+00  0.17505  1.00000  1.00000  0.17690  1.00000  1.00000  0.99233  0.99714
3.859932900e+00  0.42853  1.00000  1.00000  0.43305  1.00000  1.00000  0.99239  0.99713
3.867652766e+00  0.38159  1.00000  1.00000  0.38560  1.00000  1.00000  0.99245  0.99712
3.875388072e+00  0.14255  1.00000  1.00000  0.14404  1.00000  1.00000  0.99251  0.99711
3.883138848e+00  0.22204  1.00000  1.00000  0.22435  1.00000  1.00000  0.99257  0.99710
3.890905125e+00  0.42356  1.00000  1.00000  0.42795  1.00000  1.00000  0.99262  0.99709
3.898686936e+00  0.42909  1.00000  1.00000  0.43352  1.00000  1.00000  0.99268  0.99708
3.906484310e+00  0.37157  1.00000  1.00000  0.37539  1.00000  1.00000  0.99274  0.99707
3.914297278e+00  0.30200  1.00000  1.00000  0.30509  1.00000  1.00000  0.99280  0.99705
3.922125873e+00  0.49640  1.00000  1.00000  0.50145  1.00000  1.00000  0.99286  0.99704
3.929970124e+00  0.52914  1.00000  1.00000  0.53451  1.00000  1.00000  0.99291  0.99703
3.937830065e+00  0.54715  1.00000  1.00000  0.55266  1.00000  1.00000  0.99297  0.99702
3.945705725e+00  0.65836  1.00000  1.00000  0.66497  1.00000  1.00000  0.99302  0.99701
3.953597136e+00  0.67027  1.00000  1.00000  0.67697  1.00000  1.00000  0.99308  0.99700
3.961504331e+00  0.73295  1.00000  1.00000  0.74024  1.00000  1.00000  0.99313  0.99699
3.969427339e+00  0.83092  1.00000  1.00000  0.83915  1.00000  1.00000  0.99319  0.99698
3.977366194e+00  0.83068  1.00000  1.00000  0.83888  1.00000  1.00000  0.99324  0.99697
3.985320926e+00  0.73584  1.00000  1.00000  0.74307  1.00000  1.00000  0.99330  0.99695
3.993291568e+00  0.85848  1.00000  1.00000  0.86687  1.00000  1.00000  0.99335  0.99694
4.001278151e+00  0.97295  1.00000  1.00000  0.98243  1.00000  1.00000  0.99340  0.99693
4.009280708e+00  0.88533  1.00000  1.00000  0.89391  1.00000  1.00000  0.99346  0.99692
4.017299269e+00  0.84080  1.00000  1.00000  0.84892  1.00000  1.00000  0.99351  0.99690
4.025333868e+00  0.92560  1.00000  1.00000  0.93451  1.00000  1.00000  0.99356  0.99689
4.033384535e+00  0.97081  1.00000  1.00000  0.98011  1.00000  1.00000  0.99361  0.99688
4.041451304e+00  0.94247  1.00000  1.00000  0.95147  1.00000  1.00000  0.99366  0.99687
4.049534207e+00  0.89984  1.00000  1.00000  0.90839  1.00000  1.00000  0.99371  0.99686
4.057633275e+00  0.92656  1.00000  1.00000  0.93533  1.00000  1.00000  0.99376  0.99684
4.065748542e+00  0.96214  1.00000  1.00000  0.97121  1.00000  1.00000  0.99381  0.99683
4.073880039e+00  0.95771  1.00000  1.00000  0.96671  1.00000  1.00000  0.99386  0.99682
4.082027799e+00  0.95468  1.00000  1.00000  0.96361  1.00000  1.00000  0.99391  0.99680
4.090191855e+00  0.96570  1.00000  1.00000  0.97470  1.00000  1.00000  0.99396  0.99679
4.098372238e+00  0.97931  1.00000  1.00000  0.98841  1.00000  1.00000  0.99400  0.99677
4.106568983e+00  0.97717  1.00000  1.00000  0.98621  1.00000  1.00000  0.99405  0.99676
4.114782121e+00  0.97702  1.00000  1.00000  0.98603  1.00000  1.00000  0.99410  0.99674
4.123011685e+00  0.97577  1.00000  1.00000  0.98473  1.00000  1.00000  0.99415  0.99673
4.131257708e+00  0.98136  1.00000  1.00000  0.99035  1.00000  1.00000  0.99419  0.99671
4.139520224e+00  0.98403  1.00000  1.00000  0.99301  1.00000  1.00000  0.99424  0.99670
4.147799264e+00  0.97431  1.00000  1.00000  0.98317  1.00000  1.00000  0.99428  0.99668
4.156094863e+00  0.97922  1.00000  1.00000  0.98810  1.00000  1.00000  0.99433  0.99666
4.164407053e+00  0.98619  1.00000  1.00000  0.99511  1.00000  1.00000  0.99437  0.99664
4.172735867e+00  0.98087  1.00000  1.00000  0.98975  1.00000  1.00000  0.99442  0.99659
4.181081338e+00  0.98314  1.00000  1.00000  0.99207  1.00000  1.00000  0.99446  0.99652
4.189443501e+00  0.97657  1.00000  1.00000  0.98546  1.00000  1.00000  0.99451  0.99645
4.197822388e+00  0.97535  1.00000  1.00000  0.98427  1.00000  1.00000  0.99455  0.99637
4.206218033e+00  0.97650  1.00000  1.00000  0.98546  1.00000  1.00000  0.99459  0.99629
4.214630469e+00  0.96370  1.00000  1.00000  0.97258  1.00000  1.00000  0.99464  0.99621
4.223059730e+00  0.96878  1.00000  1.00000  0.97774  1.00000  1.00000  0.99468  0.99613
4.231505849e+00  0.94786  1.00000  1.00000  0.95666  1.00000  1.00000  0.99472  0.99605
4.239968861e+00  0.91531  1.00000  1.00000  0.92386  1.00000  1.00000  0.99476  0.99596
4.248448799e+00  0.93745  1.00000  1.00000  0.94624  1.00000  1.00000  0.99481  0.99588
4.256945696e+00  0.90808  1.00000  1.00000  0.91664  1.00000  1.00000  0.99485  0.99579
4.265459588e+00  0.85388  1.00000  1.00000  0.86197  1.00000  1.00000  0.99489  0.99570
4.273990507e+00  0.90912  1.00000  1.00000  0.91778  1.00000  1.00000  0.99493  0.99561
4.282538488e+00  0.89585  1.00000  1.00000  0.90444  1.00000  1.00000  0.99497  0.99551
4.291103565e+00  0.87018  1.00000  1.00000  0.87858  1.00000  1.00000  0.99501  0.99541
4.299685772e+00  0.94432  1.00000  1.00000  0.95349  1.00000  1.00000  0.99505  0.99531
4.308285144e+00  0.95736  1.00000  1.00000  0.96672  1.00000  1.00000  0.99509  0.99521
4.316901714e+00  0.93614  1.00000  1.00000  0.94536  1.00000  1.00000  0.99513  0.99510
4.325535517e+00  0.85701  1.00000  1.00000  0.86550  1.00000  1.00000  0.99516  0.99500
4.334186588e+00  0.87525  1.00000  1.00000  0.88399  1.00000  1.00000  0.99520  0.99489
4.342854961e+00  0.95890  1.00000  1.00000  0.96854  1.00000  1.00000  0.99524  0.99478
4.351540671e+00  0.95004  1.00000  1.00000  0.95966  1.00000  1.00000  0.99528  0.99466
4.360243753e+00  0.96157  1.00000  1.00000  0.97139  1.00000  1.00000  0.99532  0.99455
4.368964240e+00  0.93754  1.00000  1.00000  0.94719  1.00000  1.00000  0.99535  0.99442
4.377702169e+00  0.92026  1.00000  1.00000  0.92981  1.00000  1.00000  0.99539  0.99430
4.386457573e+00  0.95035  1.00000  1.00000  0.96030  1.00000  1.00000  0.99543  0.99418
4.395230488e+00  0.94843  1.00000  1.00000  0.95845  1.00000  1.00000  0.99546  0.99405
4.404020949e+00  0.95881  1.00000  1.00000  0.96904  1.00000  1.00000  0.99550  0.99392
4.412828991e+00  0.96124  1.00000  1.00000  0.97158  1.00000  1.00000  0.99554  0.99379
4.421654649e+00  0.96270  1.00000  1.00000  0.97316  1.00000  1.00000  0.99557  0.99365
4.430497958e+00  0.95498  1.00000  1.00000  0.96546  1.00000  1.00000  0.99561  0.99351
4.439358954e+00  0.95618  1.00000  1.00000  0.96677  1.00000  1.00000  0.99564  0.99337
4.448237672e+00  0.94036  1.00000  1.00000  0.95088  1.00000  1.00000  0.99568  0.99322
4.457134148e+00  0.87811  1.00000  1.00000  0.88805  1.00000  1.00000  0.99571  0.99307
4.466048416e+00  0.91948  1.00000  1.00000  0.93000  1.00000  1.00000  0.99574  0.99292
4.474980513e+00  0.89699  1.00000  1.00000  0.90736  1.00000  1.00000  0.99578  0.99276
4.483930474e+00  0.85269  1.00000  1.00000  0.86266  1.00000  1.00000  0.99581  0.99261
4.492898335e+00  0.89546  1.00000  1.00000  0.90604  0.99999  1.00000  0.99584  0.99245
4.501884131e+00  0.86593  1.00000  1.00000  0.87627  0.99997  1.00000  0.99588  0.99228
4.510887900e+00  0.90724  1.00000  1.00000  0.91828  0.99991  0.99999  0.99591  0.99211
4.519909675e+00  0.91538  1.00000  1.00000  0.92664  0.99961  0.99996  0.99594  0.99194
4.528949495e+00  0.92042  1.00000  1.00000  0.93235  0.99916  0.99991  0.99597  0.99176
4.538007394e+00  0.93979  1.00000  1.00000  0.95233  0.99834  0.99961  0.99601  0.99158
4.547083408e+00  0.82467  1.00000  1.00000  0.83633  0.99306  0.99911  0.99604  0.99139
4.556177575e+00  0.79787  1.00000  1.00000  0.81263  0.98280  0.99797  0.99607  0.99120
4.565289930e+00  0.86389  1.00000  1.00000  0.89453  0.95856  0.99755  0.99610  0.99101
4.574420510e+00  0.82135  1.00000  1.00000  0.96390  0.85503  0.99694  0.99613  0.99081
4.583569351e+00  0.71389  1.00000  1.00000  0.94642  0.73661  0.98776  0.99616  0.99061
4.592736490e+00  0.57103  1.00000  1.00000  0.95047  0.60258  0.95034  0.99619  0.99041
4.601921963e+00  0.32243  1.00000  1.00000  0.94446  0.36182  0.79274  0.99622  0.99020
4.611125807e+00  0.10257  1.00000  1.00000  0.93189  0.14451  0.47681  0.99625  0.98998
4.620348059e+00  0.01717  1.00000  1.00000  0.93950  0.04920  0.15277  0.99628  0.98976
4.629588755e+00  0.00072  1.00000  1.00000  0.90938  0.01720  0.01012  0.99631  0.98954
4.638847932e+00  0.00000  1.00000  1.00000  0.95162  0.00458  0.00003  0.99634  0.98931
4.648125628e+00  0.00000  1.00000  1.00000  0.96760  0.00180  0.00000  0.99637  0.98908
4.657421879e+00 -0.00000  1.00000  1.00000  0.97147  0.00405  0.00000  0.99640  0.98884
4.666736723e+00  0.00000  1.00000  1.00000  0.98574  0.10508  0.00000  0.99643  0.98860
4.676070197e+00  0.00000  1.00000  1.00000  0.98714  0.17052  0.00000  0.99646  0.98835
4.685422337e+00  0.00000  1.00000  1.00000  0.99632  0.07828  0.00000  0.99649  0.98810
4.694793182e+00  0.00000  1.00000  1.00000  0.99668  0.01213  0.00000  0.99651  0.98785
4.704182768e+00  0.00000  1.00000  1.00000  0.99934  0.01456  0.00000  0.99654  0.98758
4.713591133e+00  0.00000  1.00000  1.00000  0.99940  0.03546  0.00000  0.99657  0.98731
4.723018316e+00  0.00000  1.00000  1.00000  0.99990  0.06897  0.00000  0.99660  0.98704
4.732464352e+00  0.00000  1.00000  1.00000  0.99991  0.10075  0.00000  0.99662  0.98676
4.741929281e+00  0.00000  1.00000  1.00000  0.99999  0.19145  0.00000  0.99665  0.98646
4.751413140e+00  0.00000  1.00000  1.00000  0.99999  0.32971  0.00000  0.99668  0.98617
4.760915966e+00  0.00000  1.00000  1.00000  1.00000  0.48302  0.00000  0.99670  0.98588
4.770437798e+00  0.00000  1.00000  1.00000  1.00000  0.60182  0.00000  0.99673  0.98558
4.779978673e+00  0.00000  1.00000  1.00000  1.00000  0.66075  0.00000  0.99675  0.98527
4.789538631e+00  0.00000  1.00000  1.00000  1.00000  0.68998  0.00000  0.99678  0.98494
4.799117708e+00  0.00000  1.00000  1.00000  1.00000  0.71191  0.00000  0.99681  0.98462
4.808715943e+00  0.00000  1.00000  1.00000  1.00000  0.74772  0.00000  0.99683  0.98429
4.818333375e+00  0.00000  1.00000  1.00000  1.00000  0.78936  0.00000  0.99686  0.98396
4.827970042e+00  0.00000  1.00000  1.00000  1.00000  0.83174  0.00000  0.99688  0.98361
4.837625982e+00  0.00000  1.00000  1.00000  1.00000  0.86929  0.00000  0.99691  0.98326
4.847301234e+00  0.00000  1.00000  1.00000  1.00000  0.90015  0.00000  0.99693  0.98290
4.856995837e+00  0.00000  1.00000  1.00000  1.00000  0.92169  0.00000  0.99696  0.98252
4.866709828e+00  0.00000  1.00000  1.00000  1.00000  0.93953  0.00000  0.99698  0.98215
4.876443248e+00  0.00000  1.00000  1.00000  1.00000  0.95846  0.00000  0.99700  0.98177
4.886196134e+00  0.00000  1.00000  1.00000  1.00000  0.97108  0.00000  0.99703  0.98138
4.895968527e+00  0.00000  1.00000  1.00000  1.00000  0.98487  0.00000  0.99705  0.98098
4.905760464e+00  0.00000  1.00000  1.00000  1.00000  0.99346  0.00000  0.99707  0.98057
4.915571985e+00  0.00002  1.00000  1.00000  1.00000  0.99277  0.00002  0.99710  0.98015
4.925403129e+00  0.00139  1.00000  1.00000  1.00000  0.99321  0.00142  0.99712  0.97973
4.935253935e+00  0.02668  1.00000  1.00000  1.00000  0.99415  0.02733  0.99714  0.97930
4.945124443e+00  0.13991  1.00000  1.00000  1.00000  0.99476  0.14337  0.99717  0.97886
4.955014692e+00  0.36809  1.00000  1.00000  1.00000  0.99573  0.37734  0.99719  0.97839
4.964924721e+00  0.58472  1.00000  1.00000  1.00000  0.99790  0.59966  0.99721  0.97792
4.974854571e+00  0.76962  1.00000  1.00000  1.00000  0.99934  0.78963  0.99723  0.97744
4.984804280e+00  0.89747  1.00000  1.00000  1.00000  0.99971  0.92122  0.99726  0.97695
4.994773888e+00  0.94205  1.00000  1.00000  1.00000  0.99988  0.96744  0.99728  0.97645
